[[ 0.4393941   0.44024013  0.441089    0.44194071  0.44279528  0.44365272
   0.44451304  0.44537626  0.44624238  0.44711143  0.44798341  0.44885833
   0.4497362   0.45061705  0.45150088  0.4523877   0.45327753  0.45417038
   0.45506627  0.45596519  0.45686718  0.45777223  0.45868037  0.45959161
   0.46050595  0.46142342  0.46234402  0.46326777  0.46419469  0.46512478
   0.46605806  0.46699454  0.46793424  0.46887717  0.46982333  0.47077276
   0.47172546  0.47268144  0.47364071  0.4746033   0.47556921  0.47653847
   0.47751107  0.47848704  0.4794664   0.48044915  0.4814353   0.48242489
   0.48341791  0.48441438  0.48541432  0.48641774  0.48742465  0.48843508
   0.48944903  0.49046651  0.49148756  0.49251217  0.49354036  0.49457216
   0.49560756  0.4966466   0.49768927  0.49873561  0.49978562  0.50083931
   0.50189671  0.50295783  0.50402268  0.50509129  0.50616365  0.5072398
   0.50831974  0.50940349  0.51049107  0.5115825   0.51267778  0.51377693
   0.51487997  0.51598692  0.51709779  0.5182126   0.51933136  0.52045409
   0.5215808   0.52271151  0.52384624  0.52498501  0.52612782  0.5272747
   0.52842566  0.52958072  0.5307399   0.5319032   0.53307066  0.53424227
   0.53541807  0.53659807  0.53778227  0.53897071  0.5401634   0.54136035
   0.54256158  0.54376711  0.54497695  0.54619113  0.54740965  0.54863253
   0.5498598   0.55109147  0.55232755  0.55356807  0.55481304  0.55606247
   0.55731639  0.55857481  0.55983775  0.56110523  0.56237726  0.56365386
   0.56493505  0.56622084  0.56751126  0.56880632  0.57010603  0.57141043
   0.57271951  0.5740333   0.57535182  0.57667509  0.57800312  0.57933593
   0.58067353  0.58201596  0.58336321  0.58471532  0.58607229  0.58743415
   0.58880092  0.5901726   0.59154923  0.59293081  0.59431736  0.59570891
   0.59710547  0.59850705  0.59991368  0.60132537  0.60274215  0.60416402]
 [-1.2591343  -1.26071931 -1.26230299 -1.26388533 -1.26546633 -1.267046
  -1.26862434 -1.27020134 -1.271777   -1.27335133 -1.27492432 -1.27649598
  -1.2780663  -1.27963528 -1.28120292 -1.28276923 -1.28433419 -1.28589782
  -1.2874601  -1.28902103 -1.29058063 -1.29213888 -1.29369578 -1.29525133
  -1.29680553 -1.29835837 -1.29990987 -1.30146    -1.30300878 -1.3045562
  -1.30610225 -1.30764694 -1.30919026 -1.31073221 -1.31227279 -1.31381199
  -1.31534982 -1.31688626 -1.31842131 -1.31995498 -1.32148726 -1.32301814
  -1.32454762 -1.3260757  -1.32760238 -1.32912764 -1.33065149 -1.33217393
  -1.33369494 -1.33521452 -1.33673268 -1.3382494  -1.33976468 -1.34127852
  -1.3427909  -1.34430184 -1.34581131 -1.34731932 -1.34882586 -1.35033093
  -1.35183451 -1.35333661 -1.35483722 -1.35633632 -1.35783393 -1.35933002
  -1.3608246  -1.36231766 -1.36380919 -1.36529918 -1.36678764 -1.36827454
  -1.36975989 -1.37124367 -1.37272589 -1.37420653 -1.37568558 -1.37716304
  -1.37863891 -1.38011316 -1.3815858  -1.38305682 -1.38452621 -1.38599396
  -1.38746006 -1.3889245  -1.39038728 -1.39184838 -1.39330781 -1.39476554
  -1.39622157 -1.39767589 -1.39912849 -1.40057937 -1.4020285  -1.40347589
  -1.40492151 -1.40636538 -1.40780746 -1.40924775 -1.41068624 -1.41212293
  -1.41355779 -1.41499083 -1.41642202 -1.41785136 -1.41927883 -1.42070443
  -1.42212814 -1.42354995 -1.42496985 -1.42638783 -1.42780387 -1.42921797
  -1.4306301  -1.43204027 -1.43344845 -1.43485463 -1.4362588  -1.43766095
  -1.43906106 -1.44045913 -1.44185513 -1.44324905 -1.44464088 -1.44603061
  -1.44741822 -1.44880369 -1.45018702 -1.45156818 -1.45294717 -1.45432397
  -1.45569856 -1.45707093 -1.45844107 -1.45980895 -1.46117457 -1.4625379
  -1.46389893 -1.46525765 -1.46661403 -1.46796807 -1.46931975 -1.47066904
  -1.47201594 -1.47336042 -1.47470248 -1.47604208 -1.47737922 -1.47871387]
 [ 0.25279728  0.25494667  0.25709165  0.25923223  0.26136841  0.2635002
   0.2656276   0.26775061  0.26986923  0.27198348  0.27409334  0.27619882
   0.27829992  0.28039666  0.28248902  0.28457701  0.28666063  0.28873988
   0.29081477  0.2928853   0.29495146  0.29701327  0.29907071  0.30112379
   0.30317252  0.30521689  0.30725691  0.30929257  0.31132387  0.31335083
   0.31537343  0.31739167  0.31940556  0.32141511  0.32342029  0.32542113
   0.32741761  0.32940974  0.33139752  0.33338094  0.33536001  0.33733473
   0.33930509  0.34127109  0.34323274  0.34519003  0.34714296  0.34909153
   0.35103574  0.35297559  0.35491108  0.35684219  0.35876895  0.36069133
   0.36260935  0.36452299  0.36643226  0.36833715  0.37023767  0.3721338
   0.37402556  0.37591293  0.37779591  0.3796745   0.3815487   0.38341851
   0.38528392  0.38714493  0.38900154  0.39085374  0.39270153  0.39454491
   0.39638388  0.39821842  0.40004855  0.40187425  0.40369552  0.40551236
   0.40732476  0.40913272  0.41093624  0.41273531  0.41452993  0.41632009
   0.41810579  0.41988703  0.4216638   0.42343609  0.42520391  0.42696725
   0.4287261   0.43048045  0.43223032  0.43397568  0.43571653  0.43745288
   0.4391847   0.44091201  0.44263479  0.44435304  0.44606675  0.44777592
   0.44948054  0.45118061  0.45287611  0.45456705  0.45625343  0.45793522
   0.45961243  0.46128505  0.46295308  0.46461651  0.46627533  0.46792953
   0.46957912  0.47122408  0.47286441  0.47450009  0.47613113  0.47775752
   0.47937925  0.48099631  0.4826087   0.48421641  0.48581943  0.48741776
   0.48901138  0.4906003   0.4921845   0.49376397  0.49533872  0.49690872
   0.49847398  0.50003449  0.50159023  0.50314121  0.50468741  0.50622882
   0.50776544  0.50929726  0.51082427  0.51234647  0.51386384  0.51537637
   0.51688407  0.51838691  0.5198849   0.52137802  0.52286626  0.52434962]
 [ 0.          0.          0.          0.          0.          0.          0.
   0.          0.          0.          0.          0.          0.          0.
   0.          0.          0.          0.          0.          0.          0.
   0.          0.          0.          0.          0.          0.          0.
   0.          0.          0.          0.          0.          0.          0.
   0.          0.          0.          0.          0.          0.          0.
   0.          0.          0.          0.          0.          0.          0.
   0.          0.          0.          0.          0.          0.          0.
   0.          0.          0.          0.          0.          0.          0.
   0.          0.          0.          0.          0.          0.          0.
   0.          0.          0.          0.          0.          0.          0.
   0.          0.          0.          0.          0.          0.          0.
   0.          0.          0.          0.          0.          0.          0.
   0.          0.          0.          0.          0.          0.          0.
   0.          0.          0.          0.          0.          0.          0.
   0.          0.          0.          0.          0.          0.          0.
   0.          0.          0.          0.          0.          0.          0.
   0.          0.          0.          0.          0.          0.          0.
   0.          0.          0.          0.          0.          0.          0.
   0.          0.          0.          0.          0.          0.          0.
   0.          0.          0.          0.          0.          0.          0.
   0.          0.          0.        ]
 [ 1.00633701  1.00577264  1.00521134  1.0046531   1.00409792  1.0035458
   1.00299674  1.00245073  1.00190777  1.00136785  1.00083099  1.00029716
   0.99976637  0.99923862  0.99871391  0.99819222  0.99767356  0.99715793
   0.99664533  0.99613574  0.99562917  0.99512561  0.99462507  0.99412753
   0.993633    0.99314148  0.99265296  0.99216744  0.99168491  0.99120537
   0.99072883  0.99025527  0.9897847   0.98931711  0.9888525   0.98839086
   0.9879322   0.98747651  0.98702379  0.98657404  0.98612724  0.98568341
   0.98524253  0.98480461  0.98436964  0.98393761  0.98350853  0.98308239
   0.9826592   0.98223893  0.98182161  0.98140721  0.98099573  0.98058719
   0.98018156  0.97977885  0.97937905  0.97898217  0.97858819  0.97819712
   0.97780895  0.97742368  0.97704131  0.97666182  0.97628523  0.97591151
   0.97554068  0.97517273  0.97480765  0.97444545  0.9740861   0.97372963
   0.97337601  0.97302525  0.97267734  0.97233228  0.97199006  0.97165069
   0.97131415  0.97098044  0.97064957  0.97032152  0.96999628  0.96967387
   0.96935427  0.96903747  0.96872348  0.96841229  0.9681039   0.96779829
   0.96749547  0.96719544  0.96689818  0.96660369  0.96631197  0.96602301
   0.96573681  0.96545336  0.96517267  0.96489471  0.96461949  0.96434701
   0.96407726  0.96381022  0.96354591  0.9632843   0.9630254   0.96276921
   0.96251571  0.9622649   0.96201677  0.96177132  0.96152854  0.96128843
   0.96105098  0.96081619  0.96058404  0.96035454  0.96012767  0.95990343
   0.95968181  0.95946281  0.95924642  0.95903264  0.95882145  0.95861285
   0.95840683  0.95820339  0.95800252  0.95780421  0.95760846  0.95741525
   0.95722458  0.95703644  0.95685083  0.95666774  0.95648716  0.95630907
   0.95613349  0.95596038  0.95578976  0.9556216   0.95545591  0.95529267
   0.95513187  0.95497351  0.95481758  0.95466406  0.95451296  0.95436425]
 [ 0.4393941   0.44024013  0.441089    0.44194071  0.44279528  0.44365272
   0.44451304  0.44537626  0.44624238  0.44711143  0.44798341  0.44885833
   0.4497362   0.45061705  0.45150088  0.4523877   0.45327753  0.45417038
   0.45506627  0.45596519  0.45686718  0.45777223  0.45868037  0.45959161
   0.46050595  0.46142342  0.46234402  0.46326777  0.46419469  0.46512478
   0.46605806  0.46699454  0.46793424  0.46887717  0.46982333  0.47077276
   0.47172546  0.47268144  0.47364071  0.4746033   0.47556921  0.47653847
   0.47751107  0.47848704  0.4794664   0.48044915  0.4814353   0.48242489
   0.48341791  0.48441438  0.48541432  0.48641774  0.48742465  0.48843508
   0.48944903  0.49046651  0.49148756  0.49251217  0.49354036  0.49457216
   0.49560756  0.4966466   0.49768927  0.49873561  0.49978562  0.50083931
   0.50189671  0.50295783  0.50402268  0.50509129  0.50616365  0.5072398
   0.50831974  0.50940349  0.51049107  0.5115825   0.51267778  0.51377693
   0.51487997  0.51598692  0.51709779  0.5182126   0.51933136  0.52045409
   0.5215808   0.52271151  0.52384624  0.52498501  0.52612782  0.5272747
   0.52842566  0.52958072  0.5307399   0.5319032   0.53307066  0.53424227
   0.53541807  0.53659807  0.53778227  0.53897071  0.5401634   0.54136035
   0.54256158  0.54376711  0.54497695  0.54619113  0.54740965  0.54863253
   0.5498598   0.55109147  0.55232755  0.55356807  0.55481304  0.55606247
   0.55731639  0.55857481  0.55983775  0.56110523  0.56237726  0.56365386
   0.56493505  0.56622084  0.56751126  0.56880632  0.57010603  0.57141043
   0.57271951  0.5740333   0.57535182  0.57667509  0.57800312  0.57933593
   0.58067353  0.58201596  0.58336321  0.58471532  0.58607229  0.58743415
   0.58880092  0.5901726   0.59154923  0.59293081  0.59431736  0.59570891
   0.59710547  0.59850705  0.59991368  0.60132537  0.60274215  0.60416402]]