[[ 0.          0.          0.          0.          0.          0.          0.
   0.          0.          0.          0.          0.          0.          0.
   0.          0.          0.          0.          0.          0.          0.
   0.          0.          0.          0.          0.          0.          0.
   0.          0.          0.          0.          0.          0.          0.
   0.          0.          0.          0.          0.          0.          0.
   0.          0.          0.          0.          0.          0.          0.
   0.          0.          0.          0.          0.          0.          0.
   0.          0.          0.          0.          0.          0.          0.
   0.          0.          0.          0.          0.          0.          0.
   0.          0.          0.          0.          0.          0.          0.
   0.          0.          0.          0.          0.          0.          0.
   0.          0.          0.          0.          0.          0.          0.
   0.          0.          0.          0.          0.          0.          0.
   0.          0.          0.          0.          0.          0.          0.
   0.          0.          0.          0.          0.          0.          0.
   0.          0.          0.          0.          0.          0.          0.
   0.          0.          0.          0.          0.          0.          0.
   0.          0.          0.          0.          0.          0.          0.
   0.          0.          0.          0.          0.          0.          0.
   0.          0.          0.          0.          0.          0.          0.
   0.          0.          0.        ]
 [-1.87258981 -1.86960592 -1.86663044 -1.86366333 -1.86070453 -1.85775397
  -1.85481162 -1.85187741 -1.8489513  -1.84603322 -1.84312313 -1.84022097
  -1.83732669 -1.83444024 -1.83156156 -1.8286906  -1.82582732 -1.82297166
  -1.82012357 -1.81728299 -1.81444989 -1.8116242  -1.80880587 -1.80599487
  -1.80319113 -1.80039461 -1.79760525 -1.79482302 -1.79204786 -1.78927972
  -1.78651855 -1.78376431 -1.78101695 -1.77827642 -1.77554267 -1.77281566
  -1.77009534 -1.76738166 -1.76467458 -1.76197405 -1.75928002 -1.75659246
  -1.75391131 -1.75123653 -1.74856807 -1.7459059  -1.74324996 -1.74060021
  -1.73795661 -1.73531911 -1.73268768 -1.73006226 -1.72744282 -1.72482931
  -1.72222169 -1.71961992 -1.71702395 -1.71443375 -1.71184928 -1.70927048
  -1.70669732 -1.70412977 -1.70156777 -1.69901129 -1.69646029 -1.69391473
  -1.69137457 -1.68883977 -1.68631029 -1.6837861  -1.68126714 -1.67875339
  -1.67624481 -1.67374136 -1.67124299 -1.66874968 -1.66626139 -1.66377807
  -1.66129969 -1.65882622 -1.65635761 -1.65389384 -1.65143486 -1.64898065
  -1.64653115 -1.64408634 -1.64164619 -1.63921065 -1.6367797  -1.63435329
  -1.63193139 -1.62951398 -1.62710101 -1.62469245 -1.62228826 -1.61988842
  -1.61749289 -1.61510163 -1.61271462 -1.61033182 -1.6079532  -1.60557872
  -1.60320836 -1.60084207 -1.59847984 -1.59612162 -1.59376739 -1.59141711
  -1.58907075 -1.58672829 -1.58438968 -1.58205491 -1.57972394 -1.57739673
  -1.57507327 -1.57275351 -1.57043743 -1.568125   -1.56581619 -1.56351097
  -1.56120932 -1.55891119 -1.55661656 -1.55432541 -1.55203771 -1.54975342
  -1.54747252 -1.54519498 -1.54292077 -1.54064986 -1.53838224 -1.53611786
  -1.5338567  -1.53159873 -1.52934394 -1.52709228 -1.52484373 -1.52259827
  -1.52035587 -1.5181165  -1.51588014 -1.51364676 -1.51141633 -1.50918883
  -1.50696423 -1.50474251 -1.50252364 -1.50030759 -1.49809435 -1.49588387]
 [ 0.86972436  0.86777023  0.86581236  0.86385076  0.86188546  0.85991647
   0.8579438   0.85596748  0.85398752  0.85200393  0.85001673  0.84802594
   0.84603157  0.84403364  0.84203216  0.84002714  0.83801861  0.83600657
   0.83399104  0.83197204  0.82994957  0.82792365  0.8258943   0.82386153
   0.82182535  0.81978577  0.81774281  0.81569647  0.81364678  0.81159375
   0.80953738  0.80747768  0.80541468  0.80334838  0.80127879  0.79920593
   0.7971298   0.79505042  0.79296779  0.79088193  0.78879285  0.78670056
   0.78460507  0.78250638  0.78040452  0.77829948  0.77619128  0.77407992
   0.77196543  0.76984779  0.76772703  0.76560316  0.76347617  0.76134609
   0.75921292  0.75707666  0.75493732  0.75279492  0.75064946  0.74850095
   0.74634939  0.7441948   0.74203718  0.73987653  0.73771288  0.73554621
   0.73337654  0.73120387  0.72902822  0.72684958  0.72466797  0.72248339
   0.72029584  0.71810534  0.71591188  0.71371548  0.71151613  0.70931385
   0.70710864  0.7049005   0.70268944  0.70047547  0.69825858  0.69603879
   0.6938161   0.69159051  0.68936202  0.68713065  0.68489639  0.68265925
   0.68041923  0.67817634  0.67593058  0.67368196  0.67143047  0.66917612
   0.66691891  0.66465885  0.66239594  0.66013018  0.65786157  0.65559013
   0.65331584  0.65103871  0.64875875  0.64647596  0.64419034  0.64190188
   0.6396106   0.6373165   0.63501957  0.63271981  0.63041724  0.62811185
   0.62580364  0.62349261  0.62117877  0.61886211  0.61654263  0.61422035
   0.61189525  0.60956734  0.60723662  0.60490308  0.60256674  0.60022758
   0.59788561  0.59554084  0.59319325  0.59084285  0.58848964  0.58613362
   0.58377478  0.58141313  0.57904867  0.5766814   0.5743113   0.5719384
   0.56956267  0.56718413  0.56480277  0.56241858  0.56003158  0.55764174
   0.55524909  0.5528536   0.55045529  0.54805415  0.54565017  0.54324336]
 [ 0.          0.          0.          0.          0.          0.          0.
   0.          0.          0.          0.          0.          0.          0.
   0.          0.          0.          0.          0.          0.          0.
   0.          0.          0.          0.          0.          0.          0.
   0.          0.          0.          0.          0.          0.          0.
   0.          0.          0.          0.          0.          0.          0.
   0.          0.          0.          0.          0.          0.          0.
   0.          0.          0.          0.          0.          0.          0.
   0.          0.          0.          0.          0.          0.          0.
   0.          0.          0.          0.          0.          0.          0.
   0.          0.          0.          0.          0.          0.          0.
   0.          0.          0.          0.          0.          0.          0.
   0.          0.          0.          0.          0.          0.          0.
   0.          0.          0.          0.          0.          0.          0.
   0.          0.          0.          0.          0.          0.          0.
   0.          0.          0.          0.          0.          0.          0.
   0.          0.          0.          0.          0.          0.          0.
   0.          0.          0.          0.          0.          0.          0.
   0.          0.          0.          0.          0.          0.          0.
   0.          0.          0.          0.          0.          0.          0.
   0.          0.          0.          0.          0.          0.          0.
   0.          0.          0.        ]
 [ 1.00286545  1.00183569  1.00081809  0.99981257  0.99881907  0.99783751
   0.99686782  0.99590993  0.99496378  0.99402929  0.9931064   0.99219503
   0.99129512  0.9904066   0.9895294   0.98866346  0.98780871  0.98696509
   0.98613253  0.98531096  0.98450032  0.98370054  0.98291157  0.98213334
   0.98136578  0.98060884  0.97986245  0.97912655  0.97840107  0.97768597
   0.97698117  0.97628663  0.97560227  0.97492804  0.97426388  0.97360973
   0.97296554  0.97233124  0.97170679  0.97109211  0.97048717  0.9698919
   0.96930624  0.96873015  0.96816356  0.96760642  0.96705868  0.96652029
   0.96599118  0.96547132  0.96496064  0.9644591   0.96396665  0.96348322
   0.96300878  0.96254326  0.96208663  0.96163883  0.96119981  0.96076953
   0.96034793  0.95993496  0.95953059  0.95913476  0.95874742  0.95836853
   0.95799804  0.9576359   0.95728208  0.95693652  0.95659917  0.95627001
   0.95594897  0.95563602  0.95533111  0.9550342   0.95474525  0.95446422
   0.95419105  0.95392572  0.95366817  0.95341837  0.95317628  0.95294185
   0.95271505  0.95249584  0.95228417  0.95208     0.9518833   0.95169404
   0.95151216  0.95133763  0.95117042  0.95101049  0.9508578   0.95071231
   0.95057398  0.95044279  0.95031869  0.95020164  0.95009162  0.94998859
   0.94989252  0.94980336  0.94972108  0.94964566  0.94957705  0.94951522
   0.94946015  0.94941179  0.94937012  0.9493351   0.9493067   0.94928489
   0.94926963  0.9492609   0.94925867  0.9492629   0.94927356  0.94929063
   0.94931407  0.94934385  0.94937995  0.94942233  0.94947097  0.94952584
   0.9495869   0.94965414  0.94972752  0.94980701  0.9498926   0.94998424
   0.95008192  0.9501856   0.95029526  0.95041088  0.95053243  0.95065987
   0.9507932   0.95093237  0.95107737  0.95122818  0.95138475  0.95154709
   0.95171514  0.95188891  0.95206835  0.95225344  0.95244418  0.95264052]
 [ 0.          0.          0.          0.          0.          0.          0.
   0.          0.          0.          0.          0.          0.          0.
   0.          0.          0.          0.          0.          0.          0.
   0.          0.          0.          0.          0.          0.          0.
   0.          0.          0.          0.          0.          0.          0.
   0.          0.          0.          0.          0.          0.          0.
   0.          0.          0.          0.          0.          0.          0.
   0.          0.          0.          0.          0.          0.          0.
   0.          0.          0.          0.          0.          0.          0.
   0.          0.          0.          0.          0.          0.          0.
   0.          0.          0.          0.          0.          0.          0.
   0.          0.          0.          0.          0.          0.          0.
   0.          0.          0.          0.          0.          0.          0.
   0.          0.          0.          0.          0.          0.          0.
   0.          0.          0.          0.          0.          0.          0.
   0.          0.          0.          0.          0.          0.          0.
   0.          0.          0.          0.          0.          0.          0.
   0.          0.          0.          0.          0.          0.          0.
   0.          0.          0.          0.          0.          0.          0.
   0.          0.          0.          0.          0.          0.          0.
   0.          0.          0.          0.          0.          0.          0.
   0.          0.          0.        ]][[ 0.          0.          0.          0.          0.          0.          0.
   0.          0.          0.          0.          0.          0.          0.
   0.          0.          0.          0.          0.          0.          0.
   0.          0.          0.          0.          0.          0.          0.
   0.          0.          0.          0.          0.          0.          0.
   0.          0.          0.          0.          0.          0.          0.
   0.          0.          0.          0.          0.          0.          0.
   0.          0.          0.          0.          0.          0.          0.
   0.          0.          0.          0.          0.          0.          0.
   0.          0.          0.          0.          0.          0.          0.
   0.          0.          0.          0.          0.          0.          0.
   0.          0.          0.          0.          0.          0.          0.
   0.          0.          0.          0.          0.          0.          0.
   0.          0.          0.          0.          0.          0.          0.
   0.          0.          0.          0.          0.          0.          0.
   0.          0.          0.          0.          0.          0.          0.
   0.          0.          0.          0.          0.          0.          0.
   0.          0.          0.          0.          0.          0.          0.
   0.          0.          0.          0.          0.          0.          0.
   0.          0.          0.          0.          0.          0.          0.
   0.          0.          0.          0.          0.          0.          0.
   0.          0.          0.        ]
 [-1.87258981 -1.86960592 -1.86663044 -1.86366333 -1.86070453 -1.85775397
  -1.85481162 -1.85187741 -1.8489513  -1.84603322 -1.84312313 -1.84022097
  -1.83732669 -1.83444024 -1.83156156 -1.8286906  -1.82582732 -1.82297166
  -1.82012357 -1.81728299 -1.81444989 -1.8116242  -1.80880587 -1.80599487
  -1.80319113 -1.80039461 -1.79760525 -1.79482302 -1.79204786 -1.78927972
  -1.78651855 -1.78376431 -1.78101695 -1.77827642 -1.77554267 -1.77281566
  -1.77009534 -1.76738166 -1.76467458 -1.76197405 -1.75928002 -1.75659246
  -1.75391131 -1.75123653 -1.74856807 -1.7459059  -1.74324996 -1.74060021
  -1.73795661 -1.73531911 -1.73268768 -1.73006226 -1.72744282 -1.72482931
  -1.72222169 -1.71961992 -1.71702395 -1.71443375 -1.71184928 -1.70927048
  -1.70669732 -1.70412977 -1.70156777 -1.69901129 -1.69646029 -1.69391473
  -1.69137457 -1.68883977 -1.68631029 -1.6837861  -1.68126714 -1.67875339
  -1.67624481 -1.67374136 -1.67124299 -1.66874968 -1.66626139 -1.66377807
  -1.66129969 -1.65882622 -1.65635761 -1.65389384 -1.65143486 -1.64898065
  -1.64653115 -1.64408634 -1.64164619 -1.63921065 -1.6367797  -1.63435329
  -1.63193139 -1.62951398 -1.62710101 -1.62469245 -1.62228826 -1.61988842
  -1.61749289 -1.61510163 -1.61271462 -1.61033182 -1.6079532  -1.60557872
  -1.60320836 -1.60084207 -1.59847984 -1.59612162 -1.59376739 -1.59141711
  -1.58907075 -1.58672829 -1.58438968 -1.58205491 -1.57972394 -1.57739673
  -1.57507327 -1.57275351 -1.57043743 -1.568125   -1.56581619 -1.56351097
  -1.56120932 -1.55891119 -1.55661656 -1.55432541 -1.55203771 -1.54975342
  -1.54747252 -1.54519498 -1.54292077 -1.54064986 -1.53838224 -1.53611786
  -1.5338567  -1.53159873 -1.52934394 -1.52709228 -1.52484373 -1.52259827
  -1.52035587 -1.5181165  -1.51588014 -1.51364676 -1.51141633 -1.50918883
  -1.50696423 -1.50474251 -1.50252364 -1.50030759 -1.49809435 -1.49588387]
 [ 0.86972436  0.86777023  0.86581236  0.86385076  0.86188546  0.85991647
   0.8579438   0.85596748  0.85398752  0.85200393  0.85001673  0.84802594
   0.84603157  0.84403364  0.84203216  0.84002714  0.83801861  0.83600657
   0.83399104  0.83197204  0.82994957  0.82792365  0.8258943   0.82386153
   0.82182535  0.81978577  0.81774281  0.81569647  0.81364678  0.81159375
   0.80953738  0.80747768  0.80541468  0.80334838  0.80127879  0.79920593
   0.7971298   0.79505042  0.79296779  0.79088193  0.78879285  0.78670056
   0.78460507  0.78250638  0.78040452  0.77829948  0.77619128  0.77407992
   0.77196543  0.76984779  0.76772703  0.76560316  0.76347617  0.76134609
   0.75921292  0.75707666  0.75493732  0.75279492  0.75064946  0.74850095
   0.74634939  0.7441948   0.74203718  0.73987653  0.73771288  0.73554621
   0.73337654  0.73120387  0.72902822  0.72684958  0.72466797  0.72248339
   0.72029584  0.71810534  0.71591188  0.71371548  0.71151613  0.70931385
   0.70710864  0.7049005   0.70268944  0.70047547  0.69825858  0.69603879
   0.6938161   0.69159051  0.68936202  0.68713065  0.68489639  0.68265925
   0.68041923  0.67817634  0.67593058  0.67368196  0.67143047  0.66917612
   0.66691891  0.66465885  0.66239594  0.66013018  0.65786157  0.65559013
   0.65331584  0.65103871  0.64875875  0.64647596  0.64419034  0.64190188
   0.6396106   0.6373165   0.63501957  0.63271981  0.63041724  0.62811185
   0.62580364  0.62349261  0.62117877  0.61886211  0.61654263  0.61422035
   0.61189525  0.60956734  0.60723662  0.60490308  0.60256674  0.60022758
   0.59788561  0.59554084  0.59319325  0.59084285  0.58848964  0.58613362
   0.58377478  0.58141313  0.57904867  0.5766814   0.5743113   0.5719384
   0.56956267  0.56718413  0.56480277  0.56241858  0.56003158  0.55764174
   0.55524909  0.5528536   0.55045529  0.54805415  0.54565017  0.54324336]
 [ 0.          0.          0.          0.          0.          0.          0.
   0.          0.          0.          0.          0.          0.          0.
   0.          0.          0.          0.          0.          0.          0.
   0.          0.          0.          0.          0.          0.          0.
   0.          0.          0.          0.          0.          0.          0.
   0.          0.          0.          0.          0.          0.          0.
   0.          0.          0.          0.          0.          0.          0.
   0.          0.          0.          0.          0.          0.          0.
   0.          0.          0.          0.          0.          0.          0.
   0.          0.          0.          0.          0.          0.          0.
   0.          0.          0.          0.          0.          0.          0.
   0.          0.          0.          0.          0.          0.          0.
   0.          0.          0.          0.          0.          0.          0.
   0.          0.          0.          0.          0.          0.          0.
   0.          0.          0.          0.          0.          0.          0.
   0.          0.          0.          0.          0.          0.          0.
   0.          0.          0.          0.          0.          0.          0.
   0.          0.          0.          0.          0.          0.          0.
   0.          0.          0.          0.          0.          0.          0.
   0.          0.          0.          0.          0.          0.          0.
   0.          0.          0.          0.          0.          0.          0.
   0.          0.          0.        ]
 [ 1.00286545  1.00183569  1.00081809  0.99981257  0.99881907  0.99783751
   0.99686782  0.99590993  0.99496378  0.99402929  0.9931064   0.99219503
   0.99129512  0.9904066   0.9895294   0.98866346  0.98780871  0.98696509
   0.98613253  0.98531096  0.98450032  0.98370054  0.98291157  0.98213334
   0.98136578  0.98060884  0.97986245  0.97912655  0.97840107  0.97768597
   0.97698117  0.97628663  0.97560227  0.97492804  0.97426388  0.97360973
   0.97296554  0.97233124  0.97170679  0.97109211  0.97048717  0.9698919
   0.96930624  0.96873015  0.96816356  0.96760642  0.96705868  0.96652029
   0.96599118  0.96547132  0.96496064  0.9644591   0.96396665  0.96348322
   0.96300878  0.96254326  0.96208663  0.96163883  0.96119981  0.96076953
   0.96034793  0.95993496  0.95953059  0.95913476  0.95874742  0.95836853
   0.95799804  0.9576359   0.95728208  0.95693652  0.95659917  0.95627001
   0.95594897  0.95563602  0.95533111  0.9550342   0.95474525  0.95446422
   0.95419105  0.95392572  0.95366817  0.95341837  0.95317628  0.95294185
   0.95271505  0.95249584  0.95228417  0.95208     0.9518833   0.95169404
   0.95151216  0.95133763  0.95117042  0.95101049  0.9508578   0.95071231
   0.95057398  0.95044279  0.95031869  0.95020164  0.95009162  0.94998859
   0.94989252  0.94980336  0.94972108  0.94964566  0.94957705  0.94951522
   0.94946015  0.94941179  0.94937012  0.9493351   0.9493067   0.94928489
   0.94926963  0.9492609   0.94925867  0.9492629   0.94927356  0.94929063
   0.94931407  0.94934385  0.94937995  0.94942233  0.94947097  0.94952584
   0.9495869   0.94965414  0.94972752  0.94980701  0.9498926   0.94998424
   0.95008192  0.9501856   0.95029526  0.95041088  0.95053243  0.95065987
   0.9507932   0.95093237  0.95107737  0.95122818  0.95138475  0.95154709
   0.95171514  0.95188891  0.95206835  0.95225344  0.95244418  0.95264052]
 [ 0.          0.          0.          0.          0.          0.          0.
   0.          0.          0.          0.          0.          0.          0.
   0.          0.          0.          0.          0.          0.          0.
   0.          0.          0.          0.          0.          0.          0.
   0.          0.          0.          0.          0.          0.          0.
   0.          0.          0.          0.          0.          0.          0.
   0.          0.          0.          0.          0.          0.          0.
   0.          0.          0.          0.          0.          0.          0.
   0.          0.          0.          0.          0.          0.          0.
   0.          0.          0.          0.          0.          0.          0.
   0.          0.          0.          0.          0.          0.          0.
   0.          0.          0.          0.          0.          0.          0.
   0.          0.          0.          0.          0.          0.          0.
   0.          0.          0.          0.          0.          0.          0.
   0.          0.          0.          0.          0.          0.          0.
   0.          0.          0.          0.          0.          0.          0.
   0.          0.          0.          0.          0.          0.          0.
   0.          0.          0.          0.          0.          0.          0.
   0.          0.          0.          0.          0.          0.          0.
   0.          0.          0.          0.          0.          0.          0.
   0.          0.          0.          0.          0.          0.          0.
   0.          0.          0.        ]][[ 0.          0.00508408  0.01013239  0.01514516  0.0201226   0.02506495
   0.02997243  0.03484526  0.03968369  0.04448793  0.04925823  0.0539948
   0.05869789  0.06336773  0.06800454  0.07260857  0.07718004  0.0817192
   0.08622626  0.09070148  0.09514507  0.09955728  0.10393833  0.10828847
   0.11260792  0.1168969   0.12115567  0.12538444  0.12958344  0.13375291
   0.13789307  0.14200415  0.14608638  0.15013999  0.15416519  0.15816222
   0.16213129  0.16607263  0.16998647  0.17387301  0.17773248  0.1815651
   0.18537109  0.18915065  0.19290401  0.19663137  0.20033296  0.20400897
   0.20765962  0.21128512]
 [-1.49367615 -1.48978021 -1.48588223 -1.48198229 -1.47808043 -1.47417673
  -1.47027124 -1.46636402 -1.4624551  -1.45854455 -1.4546324  -1.45071868
  -1.44680343 -1.44288669 -1.43896848 -1.43504883 -1.43112775 -1.42720527
  -1.4232814  -1.41935615 -1.41542953 -1.41150154 -1.4075722  -1.4036415
  -1.39970944 -1.39577601 -1.3918412  -1.38790502 -1.38396743 -1.38002843
  -1.37608801 -1.37214613 -1.36820278 -1.36425794 -1.36031157 -1.35636365
  -1.35241415 -1.34846302 -1.34451025 -1.34055578 -1.33659958 -1.33264161
  -1.32868182 -1.32472017 -1.32075661 -1.31679109 -1.31282355 -1.30885395
  -1.30488223 -1.30090832]
 [ 0.54083371  0.53656723  0.53228038  0.52797324  0.52364586  0.51929832
   0.51493067  0.51054297  0.50613528  0.50170764  0.49726012  0.49279276
   0.4883056   0.4837987   0.47927209  0.47472581  0.4701599   0.46557439
   0.46096931  0.4563447   0.45170058  0.44703697  0.44235391  0.4376514
   0.43292947  0.42818813  0.42342739  0.41864726  0.41384776  0.40902888
   0.40419063  0.39933301  0.39445601  0.38955964  0.38464388  0.37970872
   0.37475416  0.36978017  0.36478675  0.35977386  0.35474149  0.34968961
   0.3446182   0.33952722  0.33441664  0.32928642  0.32413653  0.31896693
   0.31377756  0.30856839]
 [-0.         -0.         -0.         -0.         -0.         -0.         -0.
  -0.         -0.         -0.         -0.         -0.         -0.         -0.
  -0.         -0.         -0.         -0.         -0.         -0.         -0.
  -0.         -0.         -0.         -0.         -0.         -0.         -0.
  -0.         -0.         -0.         -0.         -0.         -0.         -0.
  -0.         -0.         -0.         -0.         -0.         -0.         -0.
  -0.         -0.         -0.         -0.         -0.         -0.         -0.
  -0.        ]
 [ 0.95284244  0.95321298  0.95360185  0.95400905  0.95443457  0.95487841
   0.95534057  0.95582105  0.95631983  0.95683691  0.95737227  0.95792592
   0.95849783  0.95908799  0.9596964   0.96032302  0.96096786  0.96163089
   0.96231209  0.96301145  0.96372895  0.96446457  0.96521829  0.9659901
   0.96677997  0.96758788  0.96841382  0.96925775  0.97011967  0.97099956
   0.97189738  0.97281313  0.97374677  0.9746983   0.97566769  0.97665493
   0.97765999  0.97868285  0.9797235   0.98078192  0.98185809  0.982952
   0.98406362  0.98519295  0.98633997  0.98750467  0.98868702  0.98988702
   0.99110467  0.99233993]
 [ 1.10714872  1.10206464  1.09701632  1.09200356  1.08702612  1.08208377
   1.07717629  1.07230346  1.06746503  1.06266079  1.05789049  1.05315392
   1.04845083  1.04378099  1.03914418  1.03454015  1.02996868  1.02542952
   1.02092245  1.01644724  1.01200365  1.00759144  1.00321038  0.99886025
   0.9945408   0.99025181  0.98599305  0.98176428  0.97756528  0.97339581
   0.96925565  0.96514457  0.96106233  0.95700873  0.95298353  0.9489865
   0.94501743  0.94107608  0.93716225  0.93327571  0.92941623  0.92558361
   0.92177763  0.91799807  0.91424471  0.91051734  0.90681576  0.90313975
   0.89948909  0.89586359]][[ 0.          0.00508408  0.01013239  0.01514516  0.0201226   0.02506495
   0.02997243  0.03484526  0.03968369  0.04448793  0.04925823  0.0539948
   0.05869789  0.06336773  0.06800454  0.07260857  0.07718004  0.0817192
   0.08622626  0.09070148  0.09514507  0.09955728  0.10393833  0.10828847
   0.11260792  0.1168969   0.12115567  0.12538444  0.12958344  0.13375291
   0.13789307  0.14200415  0.14608638  0.15013999  0.15416519  0.15816222
   0.16213129  0.16607263  0.16998647  0.17387301  0.17773248  0.1815651
   0.18537109  0.18915065  0.19290401  0.19663137  0.20033296  0.20400897
   0.20765962  0.21128512]
 [-1.49367615 -1.48978021 -1.48588223 -1.48198229 -1.47808043 -1.47417673
  -1.47027124 -1.46636402 -1.4624551  -1.45854455 -1.4546324  -1.45071868
  -1.44680343 -1.44288669 -1.43896848 -1.43504883 -1.43112775 -1.42720527
  -1.4232814  -1.41935615 -1.41542953 -1.41150154 -1.4075722  -1.4036415
  -1.39970944 -1.39577601 -1.3918412  -1.38790502 -1.38396743 -1.38002843
  -1.37608801 -1.37214613 -1.36820278 -1.36425794 -1.36031157 -1.35636365
  -1.35241415 -1.34846302 -1.34451025 -1.34055578 -1.33659958 -1.33264161
  -1.32868182 -1.32472017 -1.32075661 -1.31679109 -1.31282355 -1.30885395
  -1.30488223 -1.30090832]
 [ 0.54083371  0.53656723  0.53228038  0.52797324  0.52364586  0.51929832
   0.51493067  0.51054297  0.50613528  0.50170764  0.49726012  0.49279276
   0.4883056   0.4837987   0.47927209  0.47472581  0.4701599   0.46557439
   0.46096931  0.4563447   0.45170058  0.44703697  0.44235391  0.4376514
   0.43292947  0.42818813  0.42342739  0.41864726  0.41384776  0.40902888
   0.40419063  0.39933301  0.39445601  0.38955964  0.38464388  0.37970872
   0.37475416  0.36978017  0.36478675  0.35977386  0.35474149  0.34968961
   0.3446182   0.33952722  0.33441664  0.32928642  0.32413653  0.31896693
   0.31377756  0.30856839]
 [-0.         -0.         -0.         -0.         -0.         -0.         -0.
  -0.         -0.         -0.         -0.         -0.         -0.         -0.
  -0.         -0.         -0.         -0.         -0.         -0.         -0.
  -0.         -0.         -0.         -0.         -0.         -0.         -0.
  -0.         -0.         -0.         -0.         -0.         -0.         -0.
  -0.         -0.         -0.         -0.         -0.         -0.         -0.
  -0.         -0.         -0.         -0.         -0.         -0.         -0.
  -0.        ]
 [ 0.95284244  0.95321298  0.95360185  0.95400905  0.95443457  0.95487841
   0.95534057  0.95582105  0.95631983  0.95683691  0.95737227  0.95792592
   0.95849783  0.95908799  0.9596964   0.96032302  0.96096786  0.96163089
   0.96231209  0.96301145  0.96372895  0.96446457  0.96521829  0.9659901
   0.96677997  0.96758788  0.96841382  0.96925775  0.97011967  0.97099956
   0.97189738  0.97281313  0.97374677  0.9746983   0.97566769  0.97665493
   0.97765999  0.97868285  0.9797235   0.98078192  0.98185809  0.982952
   0.98406362  0.98519295  0.98633997  0.98750467  0.98868702  0.98988702
   0.99110467  0.99233993]
 [ 1.10714872  1.10206464  1.09701632  1.09200356  1.08702612  1.08208377
   1.07717629  1.07230346  1.06746503  1.06266079  1.05789049  1.05315392
   1.04845083  1.04378099  1.03914418  1.03454015  1.02996868  1.02542952
   1.02092245  1.01644724  1.01200365  1.00759144  1.00321038  0.99886025
   0.9945408   0.99025181  0.98599305  0.98176428  0.97756528  0.97339581
   0.96925565  0.96514457  0.96106233  0.95700873  0.95298353  0.9489865
   0.94501743  0.94107608  0.93716225  0.93327571  0.92941623  0.92558361
   0.92177763  0.91799807  0.91424471  0.91051734  0.90681576  0.90313975
   0.89948909  0.89586359]][[ 0.4393941   0.44024013  0.441089    0.44194071  0.44279528  0.44365272
   0.44451304  0.44537626  0.44624238  0.44711143  0.44798341  0.44885833
   0.4497362   0.45061705  0.45150088  0.4523877   0.45327753  0.45417038
   0.45506627  0.45596519  0.45686718  0.45777223  0.45868037  0.45959161
   0.46050595  0.46142342  0.46234402  0.46326777  0.46419469  0.46512478
   0.46605806  0.46699454  0.46793424  0.46887717  0.46982333  0.47077276
   0.47172546  0.47268144  0.47364071  0.4746033   0.47556921  0.47653847
   0.47751107  0.47848704  0.4794664   0.48044915  0.4814353   0.48242489
   0.48341791  0.48441438  0.48541432  0.48641774  0.48742465  0.48843508
   0.48944903  0.49046651  0.49148756  0.49251217  0.49354036  0.49457216
   0.49560756  0.4966466   0.49768927  0.49873561  0.49978562  0.50083931
   0.50189671  0.50295783  0.50402268  0.50509129  0.50616365  0.5072398
   0.50831974  0.50940349  0.51049107  0.5115825   0.51267778  0.51377693
   0.51487997  0.51598692  0.51709779  0.5182126   0.51933136  0.52045409
   0.5215808   0.52271151  0.52384624  0.52498501  0.52612782  0.5272747
   0.52842566  0.52958072  0.5307399   0.5319032   0.53307066  0.53424227
   0.53541807  0.53659807  0.53778227  0.53897071  0.5401634   0.54136035
   0.54256158  0.54376711  0.54497695  0.54619113  0.54740965  0.54863253
   0.5498598   0.55109147  0.55232755  0.55356807  0.55481304  0.55606247
   0.55731639  0.55857481  0.55983775  0.56110523  0.56237726  0.56365386
   0.56493505  0.56622084  0.56751126  0.56880632  0.57010603  0.57141043
   0.57271951  0.5740333   0.57535182  0.57667509  0.57800312  0.57933593
   0.58067353  0.58201596  0.58336321  0.58471532  0.58607229  0.58743415
   0.58880092  0.5901726   0.59154923  0.59293081  0.59431736  0.59570891
   0.59710547  0.59850705  0.59991368  0.60132537  0.60274215  0.60416402]
 [-1.2591343  -1.26071931 -1.26230299 -1.26388533 -1.26546633 -1.267046
  -1.26862434 -1.27020134 -1.271777   -1.27335133 -1.27492432 -1.27649598
  -1.2780663  -1.27963528 -1.28120292 -1.28276923 -1.28433419 -1.28589782
  -1.2874601  -1.28902103 -1.29058063 -1.29213888 -1.29369578 -1.29525133
  -1.29680553 -1.29835837 -1.29990987 -1.30146    -1.30300878 -1.3045562
  -1.30610225 -1.30764694 -1.30919026 -1.31073221 -1.31227279 -1.31381199
  -1.31534982 -1.31688626 -1.31842131 -1.31995498 -1.32148726 -1.32301814
  -1.32454762 -1.3260757  -1.32760238 -1.32912764 -1.33065149 -1.33217393
  -1.33369494 -1.33521452 -1.33673268 -1.3382494  -1.33976468 -1.34127852
  -1.3427909  -1.34430184 -1.34581131 -1.34731932 -1.34882586 -1.35033093
  -1.35183451 -1.35333661 -1.35483722 -1.35633632 -1.35783393 -1.35933002
  -1.3608246  -1.36231766 -1.36380919 -1.36529918 -1.36678764 -1.36827454
  -1.36975989 -1.37124367 -1.37272589 -1.37420653 -1.37568558 -1.37716304
  -1.37863891 -1.38011316 -1.3815858  -1.38305682 -1.38452621 -1.38599396
  -1.38746006 -1.3889245  -1.39038728 -1.39184838 -1.39330781 -1.39476554
  -1.39622157 -1.39767589 -1.39912849 -1.40057937 -1.4020285  -1.40347589
  -1.40492151 -1.40636538 -1.40780746 -1.40924775 -1.41068624 -1.41212293
  -1.41355779 -1.41499083 -1.41642202 -1.41785136 -1.41927883 -1.42070443
  -1.42212814 -1.42354995 -1.42496985 -1.42638783 -1.42780387 -1.42921797
  -1.4306301  -1.43204027 -1.43344845 -1.43485463 -1.4362588  -1.43766095
  -1.43906106 -1.44045913 -1.44185513 -1.44324905 -1.44464088 -1.44603061
  -1.44741822 -1.44880369 -1.45018702 -1.45156818 -1.45294717 -1.45432397
  -1.45569856 -1.45707093 -1.45844107 -1.45980895 -1.46117457 -1.4625379
  -1.46389893 -1.46525765 -1.46661403 -1.46796807 -1.46931975 -1.47066904
  -1.47201594 -1.47336042 -1.47470248 -1.47604208 -1.47737922 -1.47871387]
 [ 0.25279728  0.25494667  0.25709165  0.25923223  0.26136841  0.2635002
   0.2656276   0.26775061  0.26986923  0.27198348  0.27409334  0.27619882
   0.27829992  0.28039666  0.28248902  0.28457701  0.28666063  0.28873988
   0.29081477  0.2928853   0.29495146  0.29701327  0.29907071  0.30112379
   0.30317252  0.30521689  0.30725691  0.30929257  0.31132387  0.31335083
   0.31537343  0.31739167  0.31940556  0.32141511  0.32342029  0.32542113
   0.32741761  0.32940974  0.33139752  0.33338094  0.33536001  0.33733473
   0.33930509  0.34127109  0.34323274  0.34519003  0.34714296  0.34909153
   0.35103574  0.35297559  0.35491108  0.35684219  0.35876895  0.36069133
   0.36260935  0.36452299  0.36643226  0.36833715  0.37023767  0.3721338
   0.37402556  0.37591293  0.37779591  0.3796745   0.3815487   0.38341851
   0.38528392  0.38714493  0.38900154  0.39085374  0.39270153  0.39454491
   0.39638388  0.39821842  0.40004855  0.40187425  0.40369552  0.40551236
   0.40732476  0.40913272  0.41093624  0.41273531  0.41452993  0.41632009
   0.41810579  0.41988703  0.4216638   0.42343609  0.42520391  0.42696725
   0.4287261   0.43048045  0.43223032  0.43397568  0.43571653  0.43745288
   0.4391847   0.44091201  0.44263479  0.44435304  0.44606675  0.44777592
   0.44948054  0.45118061  0.45287611  0.45456705  0.45625343  0.45793522
   0.45961243  0.46128505  0.46295308  0.46461651  0.46627533  0.46792953
   0.46957912  0.47122408  0.47286441  0.47450009  0.47613113  0.47775752
   0.47937925  0.48099631  0.4826087   0.48421641  0.48581943  0.48741776
   0.48901138  0.4906003   0.4921845   0.49376397  0.49533872  0.49690872
   0.49847398  0.50003449  0.50159023  0.50314121  0.50468741  0.50622882
   0.50776544  0.50929726  0.51082427  0.51234647  0.51386384  0.51537637
   0.51688407  0.51838691  0.5198849   0.52137802  0.52286626  0.52434962]
 [ 0.          0.          0.          0.          0.          0.          0.
   0.          0.          0.          0.          0.          0.          0.
   0.          0.          0.          0.          0.          0.          0.
   0.          0.          0.          0.          0.          0.          0.
   0.          0.          0.          0.          0.          0.          0.
   0.          0.          0.          0.          0.          0.          0.
   0.          0.          0.          0.          0.          0.          0.
   0.          0.          0.          0.          0.          0.          0.
   0.          0.          0.          0.          0.          0.          0.
   0.          0.          0.          0.          0.          0.          0.
   0.          0.          0.          0.          0.          0.          0.
   0.          0.          0.          0.          0.          0.          0.
   0.          0.          0.          0.          0.          0.          0.
   0.          0.          0.          0.          0.          0.          0.
   0.          0.          0.          0.          0.          0.          0.
   0.          0.          0.          0.          0.          0.          0.
   0.          0.          0.          0.          0.          0.          0.
   0.          0.          0.          0.          0.          0.          0.
   0.          0.          0.          0.          0.          0.          0.
   0.          0.          0.          0.          0.          0.          0.
   0.          0.          0.          0.          0.          0.          0.
   0.          0.          0.        ]
 [ 1.00633701  1.00577264  1.00521134  1.0046531   1.00409792  1.0035458
   1.00299674  1.00245073  1.00190777  1.00136785  1.00083099  1.00029716
   0.99976637  0.99923862  0.99871391  0.99819222  0.99767356  0.99715793
   0.99664533  0.99613574  0.99562917  0.99512561  0.99462507  0.99412753
   0.993633    0.99314148  0.99265296  0.99216744  0.99168491  0.99120537
   0.99072883  0.99025527  0.9897847   0.98931711  0.9888525   0.98839086
   0.9879322   0.98747651  0.98702379  0.98657404  0.98612724  0.98568341
   0.98524253  0.98480461  0.98436964  0.98393761  0.98350853  0.98308239
   0.9826592   0.98223893  0.98182161  0.98140721  0.98099573  0.98058719
   0.98018156  0.97977885  0.97937905  0.97898217  0.97858819  0.97819712
   0.97780895  0.97742368  0.97704131  0.97666182  0.97628523  0.97591151
   0.97554068  0.97517273  0.97480765  0.97444545  0.9740861   0.97372963
   0.97337601  0.97302525  0.97267734  0.97233228  0.97199006  0.97165069
   0.97131415  0.97098044  0.97064957  0.97032152  0.96999628  0.96967387
   0.96935427  0.96903747  0.96872348  0.96841229  0.9681039   0.96779829
   0.96749547  0.96719544  0.96689818  0.96660369  0.96631197  0.96602301
   0.96573681  0.96545336  0.96517267  0.96489471  0.96461949  0.96434701
   0.96407726  0.96381022  0.96354591  0.9632843   0.9630254   0.96276921
   0.96251571  0.9622649   0.96201677  0.96177132  0.96152854  0.96128843
   0.96105098  0.96081619  0.96058404  0.96035454  0.96012767  0.95990343
   0.95968181  0.95946281  0.95924642  0.95903264  0.95882145  0.95861285
   0.95840683  0.95820339  0.95800252  0.95780421  0.95760846  0.95741525
   0.95722458  0.95703644  0.95685083  0.95666774  0.95648716  0.95630907
   0.95613349  0.95596038  0.95578976  0.9556216   0.95545591  0.95529267
   0.95513187  0.95497351  0.95481758  0.95466406  0.95451296  0.95436425]
 [ 0.4393941   0.44024013  0.441089    0.44194071  0.44279528  0.44365272
   0.44451304  0.44537626  0.44624238  0.44711143  0.44798341  0.44885833
   0.4497362   0.45061705  0.45150088  0.4523877   0.45327753  0.45417038
   0.45506627  0.45596519  0.45686718  0.45777223  0.45868037  0.45959161
   0.46050595  0.46142342  0.46234402  0.46326777  0.46419469  0.46512478
   0.46605806  0.46699454  0.46793424  0.46887717  0.46982333  0.47077276
   0.47172546  0.47268144  0.47364071  0.4746033   0.47556921  0.47653847
   0.47751107  0.47848704  0.4794664   0.48044915  0.4814353   0.48242489
   0.48341791  0.48441438  0.48541432  0.48641774  0.48742465  0.48843508
   0.48944903  0.49046651  0.49148756  0.49251217  0.49354036  0.49457216
   0.49560756  0.4966466   0.49768927  0.49873561  0.49978562  0.50083931
   0.50189671  0.50295783  0.50402268  0.50509129  0.50616365  0.5072398
   0.50831974  0.50940349  0.51049107  0.5115825   0.51267778  0.51377693
   0.51487997  0.51598692  0.51709779  0.5182126   0.51933136  0.52045409
   0.5215808   0.52271151  0.52384624  0.52498501  0.52612782  0.5272747
   0.52842566  0.52958072  0.5307399   0.5319032   0.53307066  0.53424227
   0.53541807  0.53659807  0.53778227  0.53897071  0.5401634   0.54136035
   0.54256158  0.54376711  0.54497695  0.54619113  0.54740965  0.54863253
   0.5498598   0.55109147  0.55232755  0.55356807  0.55481304  0.55606247
   0.55731639  0.55857481  0.55983775  0.56110523  0.56237726  0.56365386
   0.56493505  0.56622084  0.56751126  0.56880632  0.57010603  0.57141043
   0.57271951  0.5740333   0.57535182  0.57667509  0.57800312  0.57933593
   0.58067353  0.58201596  0.58336321  0.58471532  0.58607229  0.58743415
   0.58880092  0.5901726   0.59154923  0.59293081  0.59431736  0.59570891
   0.59710547  0.59850705  0.59991368  0.60132537  0.60274215  0.60416402]][[ 0.21488568  0.21935484  0.22382779  0.22830435  0.23278433  0.23726755
   0.24175382  0.24624296  0.2507348   0.25522914  0.25972579  0.26422458
   0.26872532  0.27322782  0.27773191  0.28223738  0.28674407  0.29125178
   0.29576032  0.30026952  0.3047792   0.30928915  0.31379921  0.31830919
   0.3228189   0.32732817  0.33183681  0.33634463  0.34085147  0.34535713
   0.34986143  0.35436421  0.35886528  0.36336446  0.36786157  0.37235645
   0.37684891  0.38133877  0.38582588  0.39031005  0.39479112  0.39926891
   0.40374325  0.40821399  0.41268094  0.41714395  0.42160284  0.42605747
   0.43050766  0.43495326]
 [-1.29693218 -1.29667678 -1.29640036 -1.29610293 -1.29578453 -1.29544518
  -1.2950849  -1.29470372 -1.29430166 -1.29387876 -1.29343504 -1.29297055
  -1.29248531 -1.29197935 -1.29145273 -1.29090547 -1.29033761 -1.28974919
  -1.28914026 -1.28851086 -1.28786103 -1.28719082 -1.28650028 -1.28578946
  -1.2850584  -1.28430715 -1.28353577 -1.28274431 -1.28193283 -1.28110137
  -1.28024999 -1.27937876 -1.27848773 -1.27757695 -1.27664649 -1.27569641
  -1.27472678 -1.27373764 -1.27272907 -1.27170113 -1.27065388 -1.26958739
  -1.26850173 -1.26739696 -1.26627315 -1.26513037 -1.26396868 -1.26278816
  -1.26158888 -1.2603709 ]
 [ 0.30333936  0.30300291  0.30263868  0.30224669  0.30182695  0.30137947
   0.30090426  0.30040133  0.29987069  0.29931235  0.29872633  0.29811264
   0.2974713   0.29680231  0.2961057   0.29538148  0.29462967  0.29385028
   0.29304334  0.29220885  0.29134684  0.29045733  0.28954033  0.28859587
   0.28762397  0.28662465  0.28559792  0.28454381  0.28346235  0.28235354
   0.28121743  0.28005403  0.27886336  0.27764545  0.27640032  0.275128
   0.27382851  0.27250187  0.27114812  0.26976727  0.26835936  0.2669244
   0.26546243  0.26397347  0.26245755  0.26091469  0.25934492  0.25774827
   0.25612476  0.25447442]
 [-0.         -0.         -0.         -0.         -0.         -0.         -0.
  -0.         -0.         -0.         -0.         -0.         -0.         -0.
  -0.         -0.         -0.         -0.         -0.         -0.         -0.
  -0.         -0.         -0.         -0.         -0.         -0.         -0.
  -0.         -0.         -0.         -0.         -0.         -0.         -0.
  -0.         -0.         -0.         -0.         -0.         -0.         -0.
  -0.         -0.         -0.         -0.         -0.         -0.         -0.
  -0.        ]
 [ 0.99359282  0.99367387  0.99376168  0.99385624  0.99395758  0.99406571
   0.99418064  0.99430239  0.99443097  0.99456641  0.99470871  0.99485791
   0.99501401  0.99517704  0.99534702  0.99552398  0.99570793  0.9958989
   0.99609692  0.99630201  0.99651419  0.99673349  0.99695995  0.99719358
   0.99743443  0.99768251  0.99793785  0.9982005   0.99847048  0.99874782
   0.99903256  0.99932473  0.99962437  0.9999315   1.00024617  1.00056842
   1.00089827  1.00123577  1.00158095  1.00193385  1.00229452  1.00266299
   1.0030393   1.00342349  1.0038156   1.00421568  1.00462376  1.00503989
   1.00546412  1.00589648]
 [-1.32203439 -1.32650356 -1.33097651 -1.33545307 -1.33993305 -1.34441626
  -1.34890254 -1.35339168 -1.35788352 -1.36237785 -1.36687451 -1.3713733
  -1.37587404 -1.38037654 -1.38488062 -1.3893861  -1.39389278 -1.39840049
  -1.40290904 -1.40741824 -1.41192791 -1.41643787 -1.42094793 -1.42545791
  -1.42996762 -1.43447689 -1.43898552 -1.44349335 -1.44800018 -1.45250584
  -1.45701015 -1.46151293 -1.466014   -1.47051317 -1.47501029 -1.47950516
  -1.48399762 -1.48848749 -1.4929746  -1.49745877 -1.50193984 -1.50641763
  -1.51089197 -1.5153627  -1.51982966 -1.52429266 -1.52875156 -1.53320619
  -1.53765638 -1.54210198]][[ 0.21488568  0.21935484  0.22382779  0.22830435  0.23278433  0.23726755
   0.24175382  0.24624296  0.2507348   0.25522914  0.25972579  0.26422458
   0.26872532  0.27322782  0.27773191  0.28223738  0.28674407  0.29125178
   0.29576032  0.30026952  0.3047792   0.30928915  0.31379921  0.31830919
   0.3228189   0.32732817  0.33183681  0.33634463  0.34085147  0.34535713
   0.34986143  0.35436421  0.35886528  0.36336446  0.36786157  0.37235645
   0.37684891  0.38133877  0.38582588  0.39031005  0.39479112  0.39926891
   0.40374325  0.40821399  0.41268094  0.41714395  0.42160284  0.42605747
   0.43050766  0.43495326]
 [-1.29693218 -1.29667678 -1.29640036 -1.29610293 -1.29578453 -1.29544518
  -1.2950849  -1.29470372 -1.29430166 -1.29387876 -1.29343504 -1.29297055
  -1.29248531 -1.29197935 -1.29145273 -1.29090547 -1.29033761 -1.28974919
  -1.28914026 -1.28851086 -1.28786103 -1.28719082 -1.28650028 -1.28578946
  -1.2850584  -1.28430715 -1.28353577 -1.28274431 -1.28193283 -1.28110137
  -1.28024999 -1.27937876 -1.27848773 -1.27757695 -1.27664649 -1.27569641
  -1.27472678 -1.27373764 -1.27272907 -1.27170113 -1.27065388 -1.26958739
  -1.26850173 -1.26739696 -1.26627315 -1.26513037 -1.26396868 -1.26278816
  -1.26158888 -1.2603709 ]
 [ 0.30333936  0.30300291  0.30263868  0.30224669  0.30182695  0.30137947
   0.30090426  0.30040133  0.29987069  0.29931235  0.29872633  0.29811264
   0.2974713   0.29680231  0.2961057   0.29538148  0.29462967  0.29385028
   0.29304334  0.29220885  0.29134684  0.29045733  0.28954033  0.28859587
   0.28762397  0.28662465  0.28559792  0.28454381  0.28346235  0.28235354
   0.28121743  0.28005403  0.27886336  0.27764545  0.27640032  0.275128
   0.27382851  0.27250187  0.27114812  0.26976727  0.26835936  0.2669244
   0.26546243  0.26397347  0.26245755  0.26091469  0.25934492  0.25774827
   0.25612476  0.25447442]
 [ 0.          0.          0.          0.          0.          0.          0.
   0.          0.          0.          0.          0.          0.          0.
   0.          0.          0.          0.          0.          0.          0.
   0.          0.          0.          0.          0.          0.          0.
   0.          0.          0.          0.          0.          0.          0.
   0.          0.          0.          0.          0.          0.          0.
   0.          0.          0.          0.          0.          0.          0.
   0.        ]
 [ 0.99359282  0.99367387  0.99376168  0.99385624  0.99395758  0.99406571
   0.99418064  0.99430239  0.99443097  0.99456641  0.99470871  0.99485791
   0.99501401  0.99517704  0.99534702  0.99552398  0.99570793  0.9958989
   0.99609692  0.99630201  0.99651419  0.99673349  0.99695995  0.99719358
   0.99743443  0.99768251  0.99793785  0.9982005   0.99847048  0.99874782
   0.99903256  0.99932473  0.99962437  0.9999315   1.00024617  1.00056842
   1.00089827  1.00123577  1.00158095  1.00193385  1.00229452  1.00266299
   1.0030393   1.00342349  1.0038156   1.00421568  1.00462376  1.00503989
   1.00546412  1.00589648]
 [ 1.32203439  1.32650356  1.33097651  1.33545307  1.33993305  1.34441626
   1.34890254  1.35339168  1.35788352  1.36237785  1.36687451  1.3713733
   1.37587404  1.38037654  1.38488062  1.3893861   1.39389278  1.39840049
   1.40290904  1.40741824  1.41192791  1.41643787  1.42094793  1.42545791
   1.42996762  1.43447689  1.43898552  1.44349335  1.44800018  1.45250584
   1.45701015  1.46151293  1.466014    1.47051317  1.47501029  1.47950516
   1.48399762  1.48848749  1.4929746   1.49745877  1.50193984  1.50641763
   1.51089197  1.5153627   1.51982966  1.52429266  1.52875156  1.53320619
   1.53765638  1.54210198]][[ 0.605591    0.60352254  0.60144654 ...,  0.0123488   0.00824322
   0.00412693]
 [-1.48004603 -1.48197125 -1.48389721 ..., -1.8670142  -1.86887695
  -1.87073551]
 [ 0.52582809  0.52796103  0.53009037 ...,  0.86606539  0.86729142
   0.86851108]
 [ 0.          0.          0.         ...,  0.          0.          0.        ]
 [ 0.95421794  0.95401022  0.95380684 ...,  1.00094881  1.00158553
   1.00222443]
 [-0.96520532 -0.96727378 -0.96934979 ..., -1.55844752 -1.56255311
  -1.5666694 ]][[ 0.605591    0.60352254  0.60144654 ...,  0.0123488   0.00824322
   0.00412693]
 [-1.48004603 -1.48197125 -1.48389721 ..., -1.8670142  -1.86887695
  -1.87073551]
 [ 0.52582809  0.52796103  0.53009037 ...,  0.86606539  0.86729142
   0.86851108]
 [ 0.          0.          0.         ...,  0.          0.          0.        ]
 [ 0.95421794  0.95401022  0.95380684 ...,  1.00094881  1.00158553
   1.00222443]
 [-0.96520532 -0.96727378 -0.96934979 ..., -1.55844752 -1.56255311
  -1.5666694 ]][[ 0.605591    0.60352254  0.60144654 ...,  0.0123488   0.00824322
   0.00412693]
 [-1.48004603 -1.48197125 -1.48389721 ..., -1.8670142  -1.86887695
  -1.87073551]
 [ 0.52582809  0.52796103  0.53009037 ...,  0.86606539  0.86729142
   0.86851108]
 [ 0.          0.          0.         ...,  0.          0.          0.        ]
 [ 0.95421794  0.95401022  0.95380684 ...,  1.00094881  1.00158553
   1.00222443]
 [-0.96520532 -0.96727378 -0.96934979 ..., -1.55844752 -1.56255311
  -1.5666694 ]][[ 0.605591    0.60352254  0.60144654 ...,  0.0123488   0.00824322
   0.00412693]
 [-1.48004603 -1.48197125 -1.48389721 ..., -1.8670142  -1.86887695
  -1.87073551]
 [ 0.52582809  0.52796103  0.53009037 ...,  0.86606539  0.86729142
   0.86851108]
 [ 0.          0.          0.         ...,  0.          0.          0.        ]
 [ 0.95421794  0.95401022  0.95380684 ...,  1.00094881  1.00158553
   1.00222443]
 [-0.96520532 -0.96727378 -0.96934979 ..., -1.55844752 -1.56255311
  -1.5666694 ]][[ 0.605591    0.60352254  0.60144654 ...,  0.0123488   0.00824322
   0.00412693]
 [-1.48004603 -1.48197125 -1.48389721 ..., -1.8670142  -1.86887695
  -1.87073551]
 [ 0.52582809  0.52796103  0.53009037 ...,  0.86606539  0.86729142
   0.86851108]
 [ 0.          0.          0.         ...,  0.          0.          0.        ]
 [ 0.95421794  0.95401022  0.95380684 ...,  1.00094881  1.00158553
   1.00222443]
 [-0.96520532 -0.96727378 -0.96934979 ..., -1.55844752 -1.56255311
  -1.5666694 ]][[ 0.605591    0.60352254  0.60144654 ...,  0.0123488   0.00824322
   0.00412693]
 [-1.48004603 -1.48197125 -1.48389721 ..., -1.8670142  -1.86887695
  -1.87073551]
 [ 0.52582809  0.52796103  0.53009037 ...,  0.86606539  0.86729142
   0.86851108]
 [ 0.          0.          0.         ...,  0.          0.          0.        ]
 [ 0.95421794  0.95401022  0.95380684 ...,  1.00094881  1.00158553
   1.00222443]
 [-0.96520532 -0.96727378 -0.96934979 ..., -1.55844752 -1.56255311
  -1.5666694 ]][[ 0.605591    0.60352254  0.60144654 ...,  0.0123488   0.00824322
   0.00412693]
 [-1.48004603 -1.48197125 -1.48389721 ..., -1.8670142  -1.86887695
  -1.87073551]
 [ 0.52582809  0.52796103  0.53009037 ...,  0.86606539  0.86729142
   0.86851108]
 [ 0.          0.          0.         ...,  0.          0.          0.        ]
 [ 0.95421794  0.95401022  0.95380684 ...,  1.00094881  1.00158553
   1.00222443]
 [-0.96520532 -0.96727378 -0.96934979 ..., -1.55844752 -1.56255311
  -1.5666694 ]][[ 0.605591    0.60352254  0.60144654 ...,  0.0123488   0.00824322
   0.00412693]
 [-1.48004603 -1.48197125 -1.48389721 ..., -1.8670142  -1.86887695
  -1.87073551]
 [ 0.52582809  0.52796103  0.53009037 ...,  0.86606539  0.86729142
   0.86851108]
 [ 0.          0.          0.         ...,  0.          0.          0.        ]
 [ 0.95421794  0.95401022  0.95380684 ...,  1.00094881  1.00158553
   1.00222443]
 [-0.96520532 -0.96727378 -0.96934979 ..., -1.55844752 -1.56255311
  -1.5666694 ]]