[[ 0.605591    0.60352254  0.60144654 ...,  0.0123488   0.00824322
   0.00412693]
 [-1.48004603 -1.48197125 -1.48389721 ..., -1.8670142  -1.86887695
  -1.87073551]
 [ 0.52582809  0.52796103  0.53009037 ...,  0.86606539  0.86729142
   0.86851108]
 [ 0.          0.          0.         ...,  0.          0.          0.        ]
 [ 0.95421794  0.95401022  0.95380684 ...,  1.00094881  1.00158553
   1.00222443]
 [-0.96520532 -0.96727378 -0.96934979 ..., -1.55844752 -1.56255311
  -1.5666694 ]][[ 0.605591    0.60352254  0.60144654 ...,  0.0123488   0.00824322
   0.00412693]
 [-1.48004603 -1.48197125 -1.48389721 ..., -1.8670142  -1.86887695
  -1.87073551]
 [ 0.52582809  0.52796103  0.53009037 ...,  0.86606539  0.86729142
   0.86851108]
 [ 0.          0.          0.         ...,  0.          0.          0.        ]
 [ 0.95421794  0.95401022  0.95380684 ...,  1.00094881  1.00158553
   1.00222443]
 [-0.96520532 -0.96727378 -0.96934979 ..., -1.55844752 -1.56255311
  -1.5666694 ]][[ 0.605591    0.60352254  0.60144654 ...,  0.0123488   0.00824322
   0.00412693]
 [-1.48004603 -1.48197125 -1.48389721 ..., -1.8670142  -1.86887695
  -1.87073551]
 [ 0.52582809  0.52796103  0.53009037 ...,  0.86606539  0.86729142
   0.86851108]
 [ 0.          0.          0.         ...,  0.          0.          0.        ]
 [ 0.95421794  0.95401022  0.95380684 ...,  1.00094881  1.00158553
   1.00222443]
 [-0.96520532 -0.96727378 -0.96934979 ..., -1.55844752 -1.56255311
  -1.5666694 ]][[ 0.605591    0.60352254  0.60144654 ...,  0.0123488   0.00824322
   0.00412693]
 [-1.48004603 -1.48197125 -1.48389721 ..., -1.8670142  -1.86887695
  -1.87073551]
 [ 0.52582809  0.52796103  0.53009037 ...,  0.86606539  0.86729142
   0.86851108]
 [ 0.          0.          0.         ...,  0.          0.          0.        ]
 [ 0.95421794  0.95401022  0.95380684 ...,  1.00094881  1.00158553
   1.00222443]
 [-0.96520532 -0.96727378 -0.96934979 ..., -1.55844752 -1.56255311
  -1.5666694 ]][[ 0.21488568  0.21935484  0.22382779  0.22830435  0.23278433  0.23726755
   0.24175382  0.24624296  0.2507348   0.25522914  0.25972579  0.26422458
   0.26872532  0.27322782  0.27773191  0.28223738  0.28674407  0.29125178
   0.29576032  0.30026952  0.3047792   0.30928915  0.31379921  0.31830919
   0.3228189   0.32732817  0.33183681  0.33634463  0.34085147  0.34535713
   0.34986143  0.35436421  0.35886528  0.36336446  0.36786157  0.37235645
   0.37684891  0.38133877  0.38582588  0.39031005  0.39479112  0.39926891
   0.40374325  0.40821399  0.41268094  0.41714395  0.42160284  0.42605747
   0.43050766  0.43495326]
 [-1.29693218 -1.29667678 -1.29640036 -1.29610293 -1.29578453 -1.29544518
  -1.2950849  -1.29470372 -1.29430166 -1.29387876 -1.29343504 -1.29297055
  -1.29248531 -1.29197935 -1.29145273 -1.29090547 -1.29033761 -1.28974919
  -1.28914026 -1.28851086 -1.28786103 -1.28719082 -1.28650028 -1.28578946
  -1.2850584  -1.28430715 -1.28353577 -1.28274431 -1.28193283 -1.28110137
  -1.28024999 -1.27937876 -1.27848773 -1.27757695 -1.27664649 -1.27569641
  -1.27472678 -1.27373764 -1.27272907 -1.27170113 -1.27065388 -1.26958739
  -1.26850173 -1.26739696 -1.26627315 -1.26513037 -1.26396868 -1.26278816
  -1.26158888 -1.2603709 ]
 [ 0.30333936  0.30300291  0.30263868  0.30224669  0.30182695  0.30137947
   0.30090426  0.30040133  0.29987069  0.29931235  0.29872633  0.29811264
   0.2974713   0.29680231  0.2961057   0.29538148  0.29462967  0.29385028
   0.29304334  0.29220885  0.29134684  0.29045733  0.28954033  0.28859587
   0.28762397  0.28662465  0.28559792  0.28454381  0.28346235  0.28235354
   0.28121743  0.28005403  0.27886336  0.27764545  0.27640032  0.275128
   0.27382851  0.27250187  0.27114812  0.26976727  0.26835936  0.2669244
   0.26546243  0.26397347  0.26245755  0.26091469  0.25934492  0.25774827
   0.25612476  0.25447442]
 [ 0.          0.          0.          0.          0.          0.          0.
   0.          0.          0.          0.          0.          0.          0.
   0.          0.          0.          0.          0.          0.          0.
   0.          0.          0.          0.          0.          0.          0.
   0.          0.          0.          0.          0.          0.          0.
   0.          0.          0.          0.          0.          0.          0.
   0.          0.          0.          0.          0.          0.          0.
   0.        ]
 [ 0.99359282  0.99367387  0.99376168  0.99385624  0.99395758  0.99406571
   0.99418064  0.99430239  0.99443097  0.99456641  0.99470871  0.99485791
   0.99501401  0.99517704  0.99534702  0.99552398  0.99570793  0.9958989
   0.99609692  0.99630201  0.99651419  0.99673349  0.99695995  0.99719358
   0.99743443  0.99768251  0.99793785  0.9982005   0.99847048  0.99874782
   0.99903256  0.99932473  0.99962437  0.9999315   1.00024617  1.00056842
   1.00089827  1.00123577  1.00158095  1.00193385  1.00229452  1.00266299
   1.0030393   1.00342349  1.0038156   1.00421568  1.00462376  1.00503989
   1.00546412  1.00589648]
 [ 1.32203439  1.32650356  1.33097651  1.33545307  1.33993305  1.34441626
   1.34890254  1.35339168  1.35788352  1.36237785  1.36687451  1.3713733
   1.37587404  1.38037654  1.38488062  1.3893861   1.39389278  1.39840049
   1.40290904  1.40741824  1.41192791  1.41643787  1.42094793  1.42545791
   1.42996762  1.43447689  1.43898552  1.44349335  1.44800018  1.45250584
   1.45701015  1.46151293  1.466014    1.47051317  1.47501029  1.47950516
   1.48399762  1.48848749  1.4929746   1.49745877  1.50193984  1.50641763
   1.51089197  1.5153627   1.51982966  1.52429266  1.52875156  1.53320619
   1.53765638  1.54210198]]