[[ 0.          0.          0.          0.          0.          0.          0.
   0.          0.          0.          0.          0.          0.          0.
   0.          0.          0.          0.          0.          0.          0.
   0.          0.          0.          0.          0.          0.          0.
   0.          0.          0.          0.          0.          0.          0.
   0.          0.          0.          0.          0.          0.          0.
   0.          0.          0.          0.          0.          0.          0.
   0.          0.          0.          0.          0.          0.          0.
   0.          0.          0.          0.          0.          0.          0.
   0.          0.          0.          0.          0.          0.          0.
   0.          0.          0.          0.          0.          0.          0.
   0.          0.          0.          0.          0.          0.          0.
   0.          0.          0.          0.          0.          0.          0.
   0.          0.          0.          0.          0.          0.          0.
   0.          0.          0.          0.          0.          0.          0.
   0.          0.          0.          0.          0.          0.          0.
   0.          0.          0.          0.          0.          0.          0.
   0.          0.          0.          0.          0.          0.          0.
   0.          0.          0.          0.          0.          0.          0.
   0.          0.          0.          0.          0.          0.          0.
   0.          0.          0.          0.          0.          0.          0.
   0.          0.          0.        ]
 [-1.87258981 -1.86960592 -1.86663044 -1.86366333 -1.86070453 -1.85775397
  -1.85481162 -1.85187741 -1.8489513  -1.84603322 -1.84312313 -1.84022097
  -1.83732669 -1.83444024 -1.83156156 -1.8286906  -1.82582732 -1.82297166
  -1.82012357 -1.81728299 -1.81444989 -1.8116242  -1.80880587 -1.80599487
  -1.80319113 -1.80039461 -1.79760525 -1.79482302 -1.79204786 -1.78927972
  -1.78651855 -1.78376431 -1.78101695 -1.77827642 -1.77554267 -1.77281566
  -1.77009534 -1.76738166 -1.76467458 -1.76197405 -1.75928002 -1.75659246
  -1.75391131 -1.75123653 -1.74856807 -1.7459059  -1.74324996 -1.74060021
  -1.73795661 -1.73531911 -1.73268768 -1.73006226 -1.72744282 -1.72482931
  -1.72222169 -1.71961992 -1.71702395 -1.71443375 -1.71184928 -1.70927048
  -1.70669732 -1.70412977 -1.70156777 -1.69901129 -1.69646029 -1.69391473
  -1.69137457 -1.68883977 -1.68631029 -1.6837861  -1.68126714 -1.67875339
  -1.67624481 -1.67374136 -1.67124299 -1.66874968 -1.66626139 -1.66377807
  -1.66129969 -1.65882622 -1.65635761 -1.65389384 -1.65143486 -1.64898065
  -1.64653115 -1.64408634 -1.64164619 -1.63921065 -1.6367797  -1.63435329
  -1.63193139 -1.62951398 -1.62710101 -1.62469245 -1.62228826 -1.61988842
  -1.61749289 -1.61510163 -1.61271462 -1.61033182 -1.6079532  -1.60557872
  -1.60320836 -1.60084207 -1.59847984 -1.59612162 -1.59376739 -1.59141711
  -1.58907075 -1.58672829 -1.58438968 -1.58205491 -1.57972394 -1.57739673
  -1.57507327 -1.57275351 -1.57043743 -1.568125   -1.56581619 -1.56351097
  -1.56120932 -1.55891119 -1.55661656 -1.55432541 -1.55203771 -1.54975342
  -1.54747252 -1.54519498 -1.54292077 -1.54064986 -1.53838224 -1.53611786
  -1.5338567  -1.53159873 -1.52934394 -1.52709228 -1.52484373 -1.52259827
  -1.52035587 -1.5181165  -1.51588014 -1.51364676 -1.51141633 -1.50918883
  -1.50696423 -1.50474251 -1.50252364 -1.50030759 -1.49809435 -1.49588387]
 [ 0.86972436  0.86777023  0.86581236  0.86385076  0.86188546  0.85991647
   0.8579438   0.85596748  0.85398752  0.85200393  0.85001673  0.84802594
   0.84603157  0.84403364  0.84203216  0.84002714  0.83801861  0.83600657
   0.83399104  0.83197204  0.82994957  0.82792365  0.8258943   0.82386153
   0.82182535  0.81978577  0.81774281  0.81569647  0.81364678  0.81159375
   0.80953738  0.80747768  0.80541468  0.80334838  0.80127879  0.79920593
   0.7971298   0.79505042  0.79296779  0.79088193  0.78879285  0.78670056
   0.78460507  0.78250638  0.78040452  0.77829948  0.77619128  0.77407992
   0.77196543  0.76984779  0.76772703  0.76560316  0.76347617  0.76134609
   0.75921292  0.75707666  0.75493732  0.75279492  0.75064946  0.74850095
   0.74634939  0.7441948   0.74203718  0.73987653  0.73771288  0.73554621
   0.73337654  0.73120387  0.72902822  0.72684958  0.72466797  0.72248339
   0.72029584  0.71810534  0.71591188  0.71371548  0.71151613  0.70931385
   0.70710864  0.7049005   0.70268944  0.70047547  0.69825858  0.69603879
   0.6938161   0.69159051  0.68936202  0.68713065  0.68489639  0.68265925
   0.68041923  0.67817634  0.67593058  0.67368196  0.67143047  0.66917612
   0.66691891  0.66465885  0.66239594  0.66013018  0.65786157  0.65559013
   0.65331584  0.65103871  0.64875875  0.64647596  0.64419034  0.64190188
   0.6396106   0.6373165   0.63501957  0.63271981  0.63041724  0.62811185
   0.62580364  0.62349261  0.62117877  0.61886211  0.61654263  0.61422035
   0.61189525  0.60956734  0.60723662  0.60490308  0.60256674  0.60022758
   0.59788561  0.59554084  0.59319325  0.59084285  0.58848964  0.58613362
   0.58377478  0.58141313  0.57904867  0.5766814   0.5743113   0.5719384
   0.56956267  0.56718413  0.56480277  0.56241858  0.56003158  0.55764174
   0.55524909  0.5528536   0.55045529  0.54805415  0.54565017  0.54324336]
 [ 0.          0.          0.          0.          0.          0.          0.
   0.          0.          0.          0.          0.          0.          0.
   0.          0.          0.          0.          0.          0.          0.
   0.          0.          0.          0.          0.          0.          0.
   0.          0.          0.          0.          0.          0.          0.
   0.          0.          0.          0.          0.          0.          0.
   0.          0.          0.          0.          0.          0.          0.
   0.          0.          0.          0.          0.          0.          0.
   0.          0.          0.          0.          0.          0.          0.
   0.          0.          0.          0.          0.          0.          0.
   0.          0.          0.          0.          0.          0.          0.
   0.          0.          0.          0.          0.          0.          0.
   0.          0.          0.          0.          0.          0.          0.
   0.          0.          0.          0.          0.          0.          0.
   0.          0.          0.          0.          0.          0.          0.
   0.          0.          0.          0.          0.          0.          0.
   0.          0.          0.          0.          0.          0.          0.
   0.          0.          0.          0.          0.          0.          0.
   0.          0.          0.          0.          0.          0.          0.
   0.          0.          0.          0.          0.          0.          0.
   0.          0.          0.          0.          0.          0.          0.
   0.          0.          0.        ]
 [ 1.00286545  1.00183569  1.00081809  0.99981257  0.99881907  0.99783751
   0.99686782  0.99590993  0.99496378  0.99402929  0.9931064   0.99219503
   0.99129512  0.9904066   0.9895294   0.98866346  0.98780871  0.98696509
   0.98613253  0.98531096  0.98450032  0.98370054  0.98291157  0.98213334
   0.98136578  0.98060884  0.97986245  0.97912655  0.97840107  0.97768597
   0.97698117  0.97628663  0.97560227  0.97492804  0.97426388  0.97360973
   0.97296554  0.97233124  0.97170679  0.97109211  0.97048717  0.9698919
   0.96930624  0.96873015  0.96816356  0.96760642  0.96705868  0.96652029
   0.96599118  0.96547132  0.96496064  0.9644591   0.96396665  0.96348322
   0.96300878  0.96254326  0.96208663  0.96163883  0.96119981  0.96076953
   0.96034793  0.95993496  0.95953059  0.95913476  0.95874742  0.95836853
   0.95799804  0.9576359   0.95728208  0.95693652  0.95659917  0.95627001
   0.95594897  0.95563602  0.95533111  0.9550342   0.95474525  0.95446422
   0.95419105  0.95392572  0.95366817  0.95341837  0.95317628  0.95294185
   0.95271505  0.95249584  0.95228417  0.95208     0.9518833   0.95169404
   0.95151216  0.95133763  0.95117042  0.95101049  0.9508578   0.95071231
   0.95057398  0.95044279  0.95031869  0.95020164  0.95009162  0.94998859
   0.94989252  0.94980336  0.94972108  0.94964566  0.94957705  0.94951522
   0.94946015  0.94941179  0.94937012  0.9493351   0.9493067   0.94928489
   0.94926963  0.9492609   0.94925867  0.9492629   0.94927356  0.94929063
   0.94931407  0.94934385  0.94937995  0.94942233  0.94947097  0.94952584
   0.9495869   0.94965414  0.94972752  0.94980701  0.9498926   0.94998424
   0.95008192  0.9501856   0.95029526  0.95041088  0.95053243  0.95065987
   0.9507932   0.95093237  0.95107737  0.95122818  0.95138475  0.95154709
   0.95171514  0.95188891  0.95206835  0.95225344  0.95244418  0.95264052]
 [ 0.          0.          0.          0.          0.          0.          0.
   0.          0.          0.          0.          0.          0.          0.
   0.          0.          0.          0.          0.          0.          0.
   0.          0.          0.          0.          0.          0.          0.
   0.          0.          0.          0.          0.          0.          0.
   0.          0.          0.          0.          0.          0.          0.
   0.          0.          0.          0.          0.          0.          0.
   0.          0.          0.          0.          0.          0.          0.
   0.          0.          0.          0.          0.          0.          0.
   0.          0.          0.          0.          0.          0.          0.
   0.          0.          0.          0.          0.          0.          0.
   0.          0.          0.          0.          0.          0.          0.
   0.          0.          0.          0.          0.          0.          0.
   0.          0.          0.          0.          0.          0.          0.
   0.          0.          0.          0.          0.          0.          0.
   0.          0.          0.          0.          0.          0.          0.
   0.          0.          0.          0.          0.          0.          0.
   0.          0.          0.          0.          0.          0.          0.
   0.          0.          0.          0.          0.          0.          0.
   0.          0.          0.          0.          0.          0.          0.
   0.          0.          0.          0.          0.          0.          0.
   0.          0.          0.        ]][[ 0.          0.          0.          0.          0.          0.          0.
   0.          0.          0.          0.          0.          0.          0.
   0.          0.          0.          0.          0.          0.          0.
   0.          0.          0.          0.          0.          0.          0.
   0.          0.          0.          0.          0.          0.          0.
   0.          0.          0.          0.          0.          0.          0.
   0.          0.          0.          0.          0.          0.          0.
   0.          0.          0.          0.          0.          0.          0.
   0.          0.          0.          0.          0.          0.          0.
   0.          0.          0.          0.          0.          0.          0.
   0.          0.          0.          0.          0.          0.          0.
   0.          0.          0.          0.          0.          0.          0.
   0.          0.          0.          0.          0.          0.          0.
   0.          0.          0.          0.          0.          0.          0.
   0.          0.          0.          0.          0.          0.          0.
   0.          0.          0.          0.          0.          0.          0.
   0.          0.          0.          0.          0.          0.          0.
   0.          0.          0.          0.          0.          0.          0.
   0.          0.          0.          0.          0.          0.          0.
   0.          0.          0.          0.          0.          0.          0.
   0.          0.          0.          0.          0.          0.          0.
   0.          0.          0.        ]
 [-1.87258981 -1.86960592 -1.86663044 -1.86366333 -1.86070453 -1.85775397
  -1.85481162 -1.85187741 -1.8489513  -1.84603322 -1.84312313 -1.84022097
  -1.83732669 -1.83444024 -1.83156156 -1.8286906  -1.82582732 -1.82297166
  -1.82012357 -1.81728299 -1.81444989 -1.8116242  -1.80880587 -1.80599487
  -1.80319113 -1.80039461 -1.79760525 -1.79482302 -1.79204786 -1.78927972
  -1.78651855 -1.78376431 -1.78101695 -1.77827642 -1.77554267 -1.77281566
  -1.77009534 -1.76738166 -1.76467458 -1.76197405 -1.75928002 -1.75659246
  -1.75391131 -1.75123653 -1.74856807 -1.7459059  -1.74324996 -1.74060021
  -1.73795661 -1.73531911 -1.73268768 -1.73006226 -1.72744282 -1.72482931
  -1.72222169 -1.71961992 -1.71702395 -1.71443375 -1.71184928 -1.70927048
  -1.70669732 -1.70412977 -1.70156777 -1.69901129 -1.69646029 -1.69391473
  -1.69137457 -1.68883977 -1.68631029 -1.6837861  -1.68126714 -1.67875339
  -1.67624481 -1.67374136 -1.67124299 -1.66874968 -1.66626139 -1.66377807
  -1.66129969 -1.65882622 -1.65635761 -1.65389384 -1.65143486 -1.64898065
  -1.64653115 -1.64408634 -1.64164619 -1.63921065 -1.6367797  -1.63435329
  -1.63193139 -1.62951398 -1.62710101 -1.62469245 -1.62228826 -1.61988842
  -1.61749289 -1.61510163 -1.61271462 -1.61033182 -1.6079532  -1.60557872
  -1.60320836 -1.60084207 -1.59847984 -1.59612162 -1.59376739 -1.59141711
  -1.58907075 -1.58672829 -1.58438968 -1.58205491 -1.57972394 -1.57739673
  -1.57507327 -1.57275351 -1.57043743 -1.568125   -1.56581619 -1.56351097
  -1.56120932 -1.55891119 -1.55661656 -1.55432541 -1.55203771 -1.54975342
  -1.54747252 -1.54519498 -1.54292077 -1.54064986 -1.53838224 -1.53611786
  -1.5338567  -1.53159873 -1.52934394 -1.52709228 -1.52484373 -1.52259827
  -1.52035587 -1.5181165  -1.51588014 -1.51364676 -1.51141633 -1.50918883
  -1.50696423 -1.50474251 -1.50252364 -1.50030759 -1.49809435 -1.49588387]
 [ 0.86972436  0.86777023  0.86581236  0.86385076  0.86188546  0.85991647
   0.8579438   0.85596748  0.85398752  0.85200393  0.85001673  0.84802594
   0.84603157  0.84403364  0.84203216  0.84002714  0.83801861  0.83600657
   0.83399104  0.83197204  0.82994957  0.82792365  0.8258943   0.82386153
   0.82182535  0.81978577  0.81774281  0.81569647  0.81364678  0.81159375
   0.80953738  0.80747768  0.80541468  0.80334838  0.80127879  0.79920593
   0.7971298   0.79505042  0.79296779  0.79088193  0.78879285  0.78670056
   0.78460507  0.78250638  0.78040452  0.77829948  0.77619128  0.77407992
   0.77196543  0.76984779  0.76772703  0.76560316  0.76347617  0.76134609
   0.75921292  0.75707666  0.75493732  0.75279492  0.75064946  0.74850095
   0.74634939  0.7441948   0.74203718  0.73987653  0.73771288  0.73554621
   0.73337654  0.73120387  0.72902822  0.72684958  0.72466797  0.72248339
   0.72029584  0.71810534  0.71591188  0.71371548  0.71151613  0.70931385
   0.70710864  0.7049005   0.70268944  0.70047547  0.69825858  0.69603879
   0.6938161   0.69159051  0.68936202  0.68713065  0.68489639  0.68265925
   0.68041923  0.67817634  0.67593058  0.67368196  0.67143047  0.66917612
   0.66691891  0.66465885  0.66239594  0.66013018  0.65786157  0.65559013
   0.65331584  0.65103871  0.64875875  0.64647596  0.64419034  0.64190188
   0.6396106   0.6373165   0.63501957  0.63271981  0.63041724  0.62811185
   0.62580364  0.62349261  0.62117877  0.61886211  0.61654263  0.61422035
   0.61189525  0.60956734  0.60723662  0.60490308  0.60256674  0.60022758
   0.59788561  0.59554084  0.59319325  0.59084285  0.58848964  0.58613362
   0.58377478  0.58141313  0.57904867  0.5766814   0.5743113   0.5719384
   0.56956267  0.56718413  0.56480277  0.56241858  0.56003158  0.55764174
   0.55524909  0.5528536   0.55045529  0.54805415  0.54565017  0.54324336]
 [ 0.          0.          0.          0.          0.          0.          0.
   0.          0.          0.          0.          0.          0.          0.
   0.          0.          0.          0.          0.          0.          0.
   0.          0.          0.          0.          0.          0.          0.
   0.          0.          0.          0.          0.          0.          0.
   0.          0.          0.          0.          0.          0.          0.
   0.          0.          0.          0.          0.          0.          0.
   0.          0.          0.          0.          0.          0.          0.
   0.          0.          0.          0.          0.          0.          0.
   0.          0.          0.          0.          0.          0.          0.
   0.          0.          0.          0.          0.          0.          0.
   0.          0.          0.          0.          0.          0.          0.
   0.          0.          0.          0.          0.          0.          0.
   0.          0.          0.          0.          0.          0.          0.
   0.          0.          0.          0.          0.          0.          0.
   0.          0.          0.          0.          0.          0.          0.
   0.          0.          0.          0.          0.          0.          0.
   0.          0.          0.          0.          0.          0.          0.
   0.          0.          0.          0.          0.          0.          0.
   0.          0.          0.          0.          0.          0.          0.
   0.          0.          0.          0.          0.          0.          0.
   0.          0.          0.        ]
 [ 1.00286545  1.00183569  1.00081809  0.99981257  0.99881907  0.99783751
   0.99686782  0.99590993  0.99496378  0.99402929  0.9931064   0.99219503
   0.99129512  0.9904066   0.9895294   0.98866346  0.98780871  0.98696509
   0.98613253  0.98531096  0.98450032  0.98370054  0.98291157  0.98213334
   0.98136578  0.98060884  0.97986245  0.97912655  0.97840107  0.97768597
   0.97698117  0.97628663  0.97560227  0.97492804  0.97426388  0.97360973
   0.97296554  0.97233124  0.97170679  0.97109211  0.97048717  0.9698919
   0.96930624  0.96873015  0.96816356  0.96760642  0.96705868  0.96652029
   0.96599118  0.96547132  0.96496064  0.9644591   0.96396665  0.96348322
   0.96300878  0.96254326  0.96208663  0.96163883  0.96119981  0.96076953
   0.96034793  0.95993496  0.95953059  0.95913476  0.95874742  0.95836853
   0.95799804  0.9576359   0.95728208  0.95693652  0.95659917  0.95627001
   0.95594897  0.95563602  0.95533111  0.9550342   0.95474525  0.95446422
   0.95419105  0.95392572  0.95366817  0.95341837  0.95317628  0.95294185
   0.95271505  0.95249584  0.95228417  0.95208     0.9518833   0.95169404
   0.95151216  0.95133763  0.95117042  0.95101049  0.9508578   0.95071231
   0.95057398  0.95044279  0.95031869  0.95020164  0.95009162  0.94998859
   0.94989252  0.94980336  0.94972108  0.94964566  0.94957705  0.94951522
   0.94946015  0.94941179  0.94937012  0.9493351   0.9493067   0.94928489
   0.94926963  0.9492609   0.94925867  0.9492629   0.94927356  0.94929063
   0.94931407  0.94934385  0.94937995  0.94942233  0.94947097  0.94952584
   0.9495869   0.94965414  0.94972752  0.94980701  0.9498926   0.94998424
   0.95008192  0.9501856   0.95029526  0.95041088  0.95053243  0.95065987
   0.9507932   0.95093237  0.95107737  0.95122818  0.95138475  0.95154709
   0.95171514  0.95188891  0.95206835  0.95225344  0.95244418  0.95264052]
 [ 0.          0.          0.          0.          0.          0.          0.
   0.          0.          0.          0.          0.          0.          0.
   0.          0.          0.          0.          0.          0.          0.
   0.          0.          0.          0.          0.          0.          0.
   0.          0.          0.          0.          0.          0.          0.
   0.          0.          0.          0.          0.          0.          0.
   0.          0.          0.          0.          0.          0.          0.
   0.          0.          0.          0.          0.          0.          0.
   0.          0.          0.          0.          0.          0.          0.
   0.          0.          0.          0.          0.          0.          0.
   0.          0.          0.          0.          0.          0.          0.
   0.          0.          0.          0.          0.          0.          0.
   0.          0.          0.          0.          0.          0.          0.
   0.          0.          0.          0.          0.          0.          0.
   0.          0.          0.          0.          0.          0.          0.
   0.          0.          0.          0.          0.          0.          0.
   0.          0.          0.          0.          0.          0.          0.
   0.          0.          0.          0.          0.          0.          0.
   0.          0.          0.          0.          0.          0.          0.
   0.          0.          0.          0.          0.          0.          0.
   0.          0.          0.          0.          0.          0.          0.
   0.          0.          0.        ]][[ 0.          0.          0.          0.          0.          0.          0.
   0.          0.          0.          0.          0.          0.          0.
   0.          0.          0.          0.          0.          0.          0.
   0.          0.          0.          0.          0.          0.          0.
   0.          0.          0.          0.          0.          0.          0.
   0.          0.          0.          0.          0.          0.          0.
   0.          0.          0.          0.          0.          0.          0.
   0.          0.          0.          0.          0.          0.          0.
   0.          0.          0.          0.          0.          0.          0.
   0.          0.          0.          0.          0.          0.          0.
   0.          0.          0.          0.          0.          0.          0.
   0.          0.          0.          0.          0.          0.          0.
   0.          0.          0.          0.          0.          0.          0.
   0.          0.          0.          0.          0.          0.          0.
   0.          0.          0.          0.          0.          0.          0.
   0.          0.          0.          0.          0.          0.          0.
   0.          0.          0.          0.          0.          0.          0.
   0.          0.          0.          0.          0.          0.          0.
   0.          0.          0.          0.          0.          0.          0.
   0.          0.          0.          0.          0.          0.          0.
   0.          0.          0.          0.          0.          0.          0.
   0.          0.          0.        ]
 [-1.87258981 -1.86960592 -1.86663044 -1.86366333 -1.86070453 -1.85775397
  -1.85481162 -1.85187741 -1.8489513  -1.84603322 -1.84312313 -1.84022097
  -1.83732669 -1.83444024 -1.83156156 -1.8286906  -1.82582732 -1.82297166
  -1.82012357 -1.81728299 -1.81444989 -1.8116242  -1.80880587 -1.80599487
  -1.80319113 -1.80039461 -1.79760525 -1.79482302 -1.79204786 -1.78927972
  -1.78651855 -1.78376431 -1.78101695 -1.77827642 -1.77554267 -1.77281566
  -1.77009534 -1.76738166 -1.76467458 -1.76197405 -1.75928002 -1.75659246
  -1.75391131 -1.75123653 -1.74856807 -1.7459059  -1.74324996 -1.74060021
  -1.73795661 -1.73531911 -1.73268768 -1.73006226 -1.72744282 -1.72482931
  -1.72222169 -1.71961992 -1.71702395 -1.71443375 -1.71184928 -1.70927048
  -1.70669732 -1.70412977 -1.70156777 -1.69901129 -1.69646029 -1.69391473
  -1.69137457 -1.68883977 -1.68631029 -1.6837861  -1.68126714 -1.67875339
  -1.67624481 -1.67374136 -1.67124299 -1.66874968 -1.66626139 -1.66377807
  -1.66129969 -1.65882622 -1.65635761 -1.65389384 -1.65143486 -1.64898065
  -1.64653115 -1.64408634 -1.64164619 -1.63921065 -1.6367797  -1.63435329
  -1.63193139 -1.62951398 -1.62710101 -1.62469245 -1.62228826 -1.61988842
  -1.61749289 -1.61510163 -1.61271462 -1.61033182 -1.6079532  -1.60557872
  -1.60320836 -1.60084207 -1.59847984 -1.59612162 -1.59376739 -1.59141711
  -1.58907075 -1.58672829 -1.58438968 -1.58205491 -1.57972394 -1.57739673
  -1.57507327 -1.57275351 -1.57043743 -1.568125   -1.56581619 -1.56351097
  -1.56120932 -1.55891119 -1.55661656 -1.55432541 -1.55203771 -1.54975342
  -1.54747252 -1.54519498 -1.54292077 -1.54064986 -1.53838224 -1.53611786
  -1.5338567  -1.53159873 -1.52934394 -1.52709228 -1.52484373 -1.52259827
  -1.52035587 -1.5181165  -1.51588014 -1.51364676 -1.51141633 -1.50918883
  -1.50696423 -1.50474251 -1.50252364 -1.50030759 -1.49809435 -1.49588387]
 [ 0.86972436  0.86777023  0.86581236  0.86385076  0.86188546  0.85991647
   0.8579438   0.85596748  0.85398752  0.85200393  0.85001673  0.84802594
   0.84603157  0.84403364  0.84203216  0.84002714  0.83801861  0.83600657
   0.83399104  0.83197204  0.82994957  0.82792365  0.8258943   0.82386153
   0.82182535  0.81978577  0.81774281  0.81569647  0.81364678  0.81159375
   0.80953738  0.80747768  0.80541468  0.80334838  0.80127879  0.79920593
   0.7971298   0.79505042  0.79296779  0.79088193  0.78879285  0.78670056
   0.78460507  0.78250638  0.78040452  0.77829948  0.77619128  0.77407992
   0.77196543  0.76984779  0.76772703  0.76560316  0.76347617  0.76134609
   0.75921292  0.75707666  0.75493732  0.75279492  0.75064946  0.74850095
   0.74634939  0.7441948   0.74203718  0.73987653  0.73771288  0.73554621
   0.73337654  0.73120387  0.72902822  0.72684958  0.72466797  0.72248339
   0.72029584  0.71810534  0.71591188  0.71371548  0.71151613  0.70931385
   0.70710864  0.7049005   0.70268944  0.70047547  0.69825858  0.69603879
   0.6938161   0.69159051  0.68936202  0.68713065  0.68489639  0.68265925
   0.68041923  0.67817634  0.67593058  0.67368196  0.67143047  0.66917612
   0.66691891  0.66465885  0.66239594  0.66013018  0.65786157  0.65559013
   0.65331584  0.65103871  0.64875875  0.64647596  0.64419034  0.64190188
   0.6396106   0.6373165   0.63501957  0.63271981  0.63041724  0.62811185
   0.62580364  0.62349261  0.62117877  0.61886211  0.61654263  0.61422035
   0.61189525  0.60956734  0.60723662  0.60490308  0.60256674  0.60022758
   0.59788561  0.59554084  0.59319325  0.59084285  0.58848964  0.58613362
   0.58377478  0.58141313  0.57904867  0.5766814   0.5743113   0.5719384
   0.56956267  0.56718413  0.56480277  0.56241858  0.56003158  0.55764174
   0.55524909  0.5528536   0.55045529  0.54805415  0.54565017  0.54324336]
 [ 0.          0.          0.          0.          0.          0.          0.
   0.          0.          0.          0.          0.          0.          0.
   0.          0.          0.          0.          0.          0.          0.
   0.          0.          0.          0.          0.          0.          0.
   0.          0.          0.          0.          0.          0.          0.
   0.          0.          0.          0.          0.          0.          0.
   0.          0.          0.          0.          0.          0.          0.
   0.          0.          0.          0.          0.          0.          0.
   0.          0.          0.          0.          0.          0.          0.
   0.          0.          0.          0.          0.          0.          0.
   0.          0.          0.          0.          0.          0.          0.
   0.          0.          0.          0.          0.          0.          0.
   0.          0.          0.          0.          0.          0.          0.
   0.          0.          0.          0.          0.          0.          0.
   0.          0.          0.          0.          0.          0.          0.
   0.          0.          0.          0.          0.          0.          0.
   0.          0.          0.          0.          0.          0.          0.
   0.          0.          0.          0.          0.          0.          0.
   0.          0.          0.          0.          0.          0.          0.
   0.          0.          0.          0.          0.          0.          0.
   0.          0.          0.          0.          0.          0.          0.
   0.          0.          0.        ]
 [ 1.00286545  1.00183569  1.00081809  0.99981257  0.99881907  0.99783751
   0.99686782  0.99590993  0.99496378  0.99402929  0.9931064   0.99219503
   0.99129512  0.9904066   0.9895294   0.98866346  0.98780871  0.98696509
   0.98613253  0.98531096  0.98450032  0.98370054  0.98291157  0.98213334
   0.98136578  0.98060884  0.97986245  0.97912655  0.97840107  0.97768597
   0.97698117  0.97628663  0.97560227  0.97492804  0.97426388  0.97360973
   0.97296554  0.97233124  0.97170679  0.97109211  0.97048717  0.9698919
   0.96930624  0.96873015  0.96816356  0.96760642  0.96705868  0.96652029
   0.96599118  0.96547132  0.96496064  0.9644591   0.96396665  0.96348322
   0.96300878  0.96254326  0.96208663  0.96163883  0.96119981  0.96076953
   0.96034793  0.95993496  0.95953059  0.95913476  0.95874742  0.95836853
   0.95799804  0.9576359   0.95728208  0.95693652  0.95659917  0.95627001
   0.95594897  0.95563602  0.95533111  0.9550342   0.95474525  0.95446422
   0.95419105  0.95392572  0.95366817  0.95341837  0.95317628  0.95294185
   0.95271505  0.95249584  0.95228417  0.95208     0.9518833   0.95169404
   0.95151216  0.95133763  0.95117042  0.95101049  0.9508578   0.95071231
   0.95057398  0.95044279  0.95031869  0.95020164  0.95009162  0.94998859
   0.94989252  0.94980336  0.94972108  0.94964566  0.94957705  0.94951522
   0.94946015  0.94941179  0.94937012  0.9493351   0.9493067   0.94928489
   0.94926963  0.9492609   0.94925867  0.9492629   0.94927356  0.94929063
   0.94931407  0.94934385  0.94937995  0.94942233  0.94947097  0.94952584
   0.9495869   0.94965414  0.94972752  0.94980701  0.9498926   0.94998424
   0.95008192  0.9501856   0.95029526  0.95041088  0.95053243  0.95065987
   0.9507932   0.95093237  0.95107737  0.95122818  0.95138475  0.95154709
   0.95171514  0.95188891  0.95206835  0.95225344  0.95244418  0.95264052]
 [ 0.          0.          0.          0.          0.          0.          0.
   0.          0.          0.          0.          0.          0.          0.
   0.          0.          0.          0.          0.          0.          0.
   0.          0.          0.          0.          0.          0.          0.
   0.          0.          0.          0.          0.          0.          0.
   0.          0.          0.          0.          0.          0.          0.
   0.          0.          0.          0.          0.          0.          0.
   0.          0.          0.          0.          0.          0.          0.
   0.          0.          0.          0.          0.          0.          0.
   0.          0.          0.          0.          0.          0.          0.
   0.          0.          0.          0.          0.          0.          0.
   0.          0.          0.          0.          0.          0.          0.
   0.          0.          0.          0.          0.          0.          0.
   0.          0.          0.          0.          0.          0.          0.
   0.          0.          0.          0.          0.          0.          0.
   0.          0.          0.          0.          0.          0.          0.
   0.          0.          0.          0.          0.          0.          0.
   0.          0.          0.          0.          0.          0.          0.
   0.          0.          0.          0.          0.          0.          0.
   0.          0.          0.          0.          0.          0.          0.
   0.          0.          0.          0.          0.          0.          0.
   0.          0.          0.        ]][[ 0.          0.          0.          0.          0.          0.          0.
   0.          0.          0.          0.          0.          0.          0.
   0.          0.          0.          0.          0.          0.          0.
   0.          0.          0.          0.          0.          0.          0.
   0.          0.          0.          0.          0.          0.          0.
   0.          0.          0.          0.          0.          0.          0.
   0.          0.          0.          0.          0.          0.          0.
   0.          0.          0.          0.          0.          0.          0.
   0.          0.          0.          0.          0.          0.          0.
   0.          0.          0.          0.          0.          0.          0.
   0.          0.          0.          0.          0.          0.          0.
   0.          0.          0.          0.          0.          0.          0.
   0.          0.          0.          0.          0.          0.          0.
   0.          0.          0.          0.          0.          0.          0.
   0.          0.          0.          0.          0.          0.          0.
   0.          0.          0.          0.          0.          0.          0.
   0.          0.          0.          0.          0.          0.          0.
   0.          0.          0.          0.          0.          0.          0.
   0.          0.          0.          0.          0.          0.          0.
   0.          0.          0.          0.          0.          0.          0.
   0.          0.          0.          0.          0.          0.          0.
   0.          0.          0.        ]
 [-1.87258981 -1.86960592 -1.86663044 -1.86366333 -1.86070453 -1.85775397
  -1.85481162 -1.85187741 -1.8489513  -1.84603322 -1.84312313 -1.84022097
  -1.83732669 -1.83444024 -1.83156156 -1.8286906  -1.82582732 -1.82297166
  -1.82012357 -1.81728299 -1.81444989 -1.8116242  -1.80880587 -1.80599487
  -1.80319113 -1.80039461 -1.79760525 -1.79482302 -1.79204786 -1.78927972
  -1.78651855 -1.78376431 -1.78101695 -1.77827642 -1.77554267 -1.77281566
  -1.77009534 -1.76738166 -1.76467458 -1.76197405 -1.75928002 -1.75659246
  -1.75391131 -1.75123653 -1.74856807 -1.7459059  -1.74324996 -1.74060021
  -1.73795661 -1.73531911 -1.73268768 -1.73006226 -1.72744282 -1.72482931
  -1.72222169 -1.71961992 -1.71702395 -1.71443375 -1.71184928 -1.70927048
  -1.70669732 -1.70412977 -1.70156777 -1.69901129 -1.69646029 -1.69391473
  -1.69137457 -1.68883977 -1.68631029 -1.6837861  -1.68126714 -1.67875339
  -1.67624481 -1.67374136 -1.67124299 -1.66874968 -1.66626139 -1.66377807
  -1.66129969 -1.65882622 -1.65635761 -1.65389384 -1.65143486 -1.64898065
  -1.64653115 -1.64408634 -1.64164619 -1.63921065 -1.6367797  -1.63435329
  -1.63193139 -1.62951398 -1.62710101 -1.62469245 -1.62228826 -1.61988842
  -1.61749289 -1.61510163 -1.61271462 -1.61033182 -1.6079532  -1.60557872
  -1.60320836 -1.60084207 -1.59847984 -1.59612162 -1.59376739 -1.59141711
  -1.58907075 -1.58672829 -1.58438968 -1.58205491 -1.57972394 -1.57739673
  -1.57507327 -1.57275351 -1.57043743 -1.568125   -1.56581619 -1.56351097
  -1.56120932 -1.55891119 -1.55661656 -1.55432541 -1.55203771 -1.54975342
  -1.54747252 -1.54519498 -1.54292077 -1.54064986 -1.53838224 -1.53611786
  -1.5338567  -1.53159873 -1.52934394 -1.52709228 -1.52484373 -1.52259827
  -1.52035587 -1.5181165  -1.51588014 -1.51364676 -1.51141633 -1.50918883
  -1.50696423 -1.50474251 -1.50252364 -1.50030759 -1.49809435 -1.49588387]
 [ 0.86972436  0.86777023  0.86581236  0.86385076  0.86188546  0.85991647
   0.8579438   0.85596748  0.85398752  0.85200393  0.85001673  0.84802594
   0.84603157  0.84403364  0.84203216  0.84002714  0.83801861  0.83600657
   0.83399104  0.83197204  0.82994957  0.82792365  0.8258943   0.82386153
   0.82182535  0.81978577  0.81774281  0.81569647  0.81364678  0.81159375
   0.80953738  0.80747768  0.80541468  0.80334838  0.80127879  0.79920593
   0.7971298   0.79505042  0.79296779  0.79088193  0.78879285  0.78670056
   0.78460507  0.78250638  0.78040452  0.77829948  0.77619128  0.77407992
   0.77196543  0.76984779  0.76772703  0.76560316  0.76347617  0.76134609
   0.75921292  0.75707666  0.75493732  0.75279492  0.75064946  0.74850095
   0.74634939  0.7441948   0.74203718  0.73987653  0.73771288  0.73554621
   0.73337654  0.73120387  0.72902822  0.72684958  0.72466797  0.72248339
   0.72029584  0.71810534  0.71591188  0.71371548  0.71151613  0.70931385
   0.70710864  0.7049005   0.70268944  0.70047547  0.69825858  0.69603879
   0.6938161   0.69159051  0.68936202  0.68713065  0.68489639  0.68265925
   0.68041923  0.67817634  0.67593058  0.67368196  0.67143047  0.66917612
   0.66691891  0.66465885  0.66239594  0.66013018  0.65786157  0.65559013
   0.65331584  0.65103871  0.64875875  0.64647596  0.64419034  0.64190188
   0.6396106   0.6373165   0.63501957  0.63271981  0.63041724  0.62811185
   0.62580364  0.62349261  0.62117877  0.61886211  0.61654263  0.61422035
   0.61189525  0.60956734  0.60723662  0.60490308  0.60256674  0.60022758
   0.59788561  0.59554084  0.59319325  0.59084285  0.58848964  0.58613362
   0.58377478  0.58141313  0.57904867  0.5766814   0.5743113   0.5719384
   0.56956267  0.56718413  0.56480277  0.56241858  0.56003158  0.55764174
   0.55524909  0.5528536   0.55045529  0.54805415  0.54565017  0.54324336]
 [ 0.          0.          0.          0.          0.          0.          0.
   0.          0.          0.          0.          0.          0.          0.
   0.          0.          0.          0.          0.          0.          0.
   0.          0.          0.          0.          0.          0.          0.
   0.          0.          0.          0.          0.          0.          0.
   0.          0.          0.          0.          0.          0.          0.
   0.          0.          0.          0.          0.          0.          0.
   0.          0.          0.          0.          0.          0.          0.
   0.          0.          0.          0.          0.          0.          0.
   0.          0.          0.          0.          0.          0.          0.
   0.          0.          0.          0.          0.          0.          0.
   0.          0.          0.          0.          0.          0.          0.
   0.          0.          0.          0.          0.          0.          0.
   0.          0.          0.          0.          0.          0.          0.
   0.          0.          0.          0.          0.          0.          0.
   0.          0.          0.          0.          0.          0.          0.
   0.          0.          0.          0.          0.          0.          0.
   0.          0.          0.          0.          0.          0.          0.
   0.          0.          0.          0.          0.          0.          0.
   0.          0.          0.          0.          0.          0.          0.
   0.          0.          0.          0.          0.          0.          0.
   0.          0.          0.        ]
 [ 1.00286545  1.00183569  1.00081809  0.99981257  0.99881907  0.99783751
   0.99686782  0.99590993  0.99496378  0.99402929  0.9931064   0.99219503
   0.99129512  0.9904066   0.9895294   0.98866346  0.98780871  0.98696509
   0.98613253  0.98531096  0.98450032  0.98370054  0.98291157  0.98213334
   0.98136578  0.98060884  0.97986245  0.97912655  0.97840107  0.97768597
   0.97698117  0.97628663  0.97560227  0.97492804  0.97426388  0.97360973
   0.97296554  0.97233124  0.97170679  0.97109211  0.97048717  0.9698919
   0.96930624  0.96873015  0.96816356  0.96760642  0.96705868  0.96652029
   0.96599118  0.96547132  0.96496064  0.9644591   0.96396665  0.96348322
   0.96300878  0.96254326  0.96208663  0.96163883  0.96119981  0.96076953
   0.96034793  0.95993496  0.95953059  0.95913476  0.95874742  0.95836853
   0.95799804  0.9576359   0.95728208  0.95693652  0.95659917  0.95627001
   0.95594897  0.95563602  0.95533111  0.9550342   0.95474525  0.95446422
   0.95419105  0.95392572  0.95366817  0.95341837  0.95317628  0.95294185
   0.95271505  0.95249584  0.95228417  0.95208     0.9518833   0.95169404
   0.95151216  0.95133763  0.95117042  0.95101049  0.9508578   0.95071231
   0.95057398  0.95044279  0.95031869  0.95020164  0.95009162  0.94998859
   0.94989252  0.94980336  0.94972108  0.94964566  0.94957705  0.94951522
   0.94946015  0.94941179  0.94937012  0.9493351   0.9493067   0.94928489
   0.94926963  0.9492609   0.94925867  0.9492629   0.94927356  0.94929063
   0.94931407  0.94934385  0.94937995  0.94942233  0.94947097  0.94952584
   0.9495869   0.94965414  0.94972752  0.94980701  0.9498926   0.94998424
   0.95008192  0.9501856   0.95029526  0.95041088  0.95053243  0.95065987
   0.9507932   0.95093237  0.95107737  0.95122818  0.95138475  0.95154709
   0.95171514  0.95188891  0.95206835  0.95225344  0.95244418  0.95264052]
 [ 0.          0.          0.          0.          0.          0.          0.
   0.          0.          0.          0.          0.          0.          0.
   0.          0.          0.          0.          0.          0.          0.
   0.          0.          0.          0.          0.          0.          0.
   0.          0.          0.          0.          0.          0.          0.
   0.          0.          0.          0.          0.          0.          0.
   0.          0.          0.          0.          0.          0.          0.
   0.          0.          0.          0.          0.          0.          0.
   0.          0.          0.          0.          0.          0.          0.
   0.          0.          0.          0.          0.          0.          0.
   0.          0.          0.          0.          0.          0.          0.
   0.          0.          0.          0.          0.          0.          0.
   0.          0.          0.          0.          0.          0.          0.
   0.          0.          0.          0.          0.          0.          0.
   0.          0.          0.          0.          0.          0.          0.
   0.          0.          0.          0.          0.          0.          0.
   0.          0.          0.          0.          0.          0.          0.
   0.          0.          0.          0.          0.          0.          0.
   0.          0.          0.          0.          0.          0.          0.
   0.          0.          0.          0.          0.          0.          0.
   0.          0.          0.          0.          0.          0.          0.
   0.          0.          0.        ]][[ 0.          0.          0.          0.          0.          0.          0.
   0.          0.          0.          0.          0.          0.          0.
   0.          0.          0.          0.          0.          0.          0.
   0.          0.          0.          0.          0.          0.          0.
   0.          0.          0.          0.          0.          0.          0.
   0.          0.          0.          0.          0.          0.          0.
   0.          0.          0.          0.          0.          0.          0.
   0.          0.          0.          0.          0.          0.          0.
   0.          0.          0.          0.          0.          0.          0.
   0.          0.          0.          0.          0.          0.          0.
   0.          0.          0.          0.          0.          0.          0.
   0.          0.          0.          0.          0.          0.          0.
   0.          0.          0.          0.          0.          0.          0.
   0.          0.          0.          0.          0.          0.          0.
   0.          0.          0.          0.          0.          0.          0.
   0.          0.          0.          0.          0.          0.          0.
   0.          0.          0.          0.          0.          0.          0.
   0.          0.          0.          0.          0.          0.          0.
   0.          0.          0.          0.          0.          0.          0.
   0.          0.          0.          0.          0.          0.          0.
   0.          0.          0.          0.          0.          0.          0.
   0.          0.          0.        ]
 [-1.87258981 -1.86960592 -1.86663044 -1.86366333 -1.86070453 -1.85775397
  -1.85481162 -1.85187741 -1.8489513  -1.84603322 -1.84312313 -1.84022097
  -1.83732669 -1.83444024 -1.83156156 -1.8286906  -1.82582732 -1.82297166
  -1.82012357 -1.81728299 -1.81444989 -1.8116242  -1.80880587 -1.80599487
  -1.80319113 -1.80039461 -1.79760525 -1.79482302 -1.79204786 -1.78927972
  -1.78651855 -1.78376431 -1.78101695 -1.77827642 -1.77554267 -1.77281566
  -1.77009534 -1.76738166 -1.76467458 -1.76197405 -1.75928002 -1.75659246
  -1.75391131 -1.75123653 -1.74856807 -1.7459059  -1.74324996 -1.74060021
  -1.73795661 -1.73531911 -1.73268768 -1.73006226 -1.72744282 -1.72482931
  -1.72222169 -1.71961992 -1.71702395 -1.71443375 -1.71184928 -1.70927048
  -1.70669732 -1.70412977 -1.70156777 -1.69901129 -1.69646029 -1.69391473
  -1.69137457 -1.68883977 -1.68631029 -1.6837861  -1.68126714 -1.67875339
  -1.67624481 -1.67374136 -1.67124299 -1.66874968 -1.66626139 -1.66377807
  -1.66129969 -1.65882622 -1.65635761 -1.65389384 -1.65143486 -1.64898065
  -1.64653115 -1.64408634 -1.64164619 -1.63921065 -1.6367797  -1.63435329
  -1.63193139 -1.62951398 -1.62710101 -1.62469245 -1.62228826 -1.61988842
  -1.61749289 -1.61510163 -1.61271462 -1.61033182 -1.6079532  -1.60557872
  -1.60320836 -1.60084207 -1.59847984 -1.59612162 -1.59376739 -1.59141711
  -1.58907075 -1.58672829 -1.58438968 -1.58205491 -1.57972394 -1.57739673
  -1.57507327 -1.57275351 -1.57043743 -1.568125   -1.56581619 -1.56351097
  -1.56120932 -1.55891119 -1.55661656 -1.55432541 -1.55203771 -1.54975342
  -1.54747252 -1.54519498 -1.54292077 -1.54064986 -1.53838224 -1.53611786
  -1.5338567  -1.53159873 -1.52934394 -1.52709228 -1.52484373 -1.52259827
  -1.52035587 -1.5181165  -1.51588014 -1.51364676 -1.51141633 -1.50918883
  -1.50696423 -1.50474251 -1.50252364 -1.50030759 -1.49809435 -1.49588387]
 [ 0.86972436  0.86777023  0.86581236  0.86385076  0.86188546  0.85991647
   0.8579438   0.85596748  0.85398752  0.85200393  0.85001673  0.84802594
   0.84603157  0.84403364  0.84203216  0.84002714  0.83801861  0.83600657
   0.83399104  0.83197204  0.82994957  0.82792365  0.8258943   0.82386153
   0.82182535  0.81978577  0.81774281  0.81569647  0.81364678  0.81159375
   0.80953738  0.80747768  0.80541468  0.80334838  0.80127879  0.79920593
   0.7971298   0.79505042  0.79296779  0.79088193  0.78879285  0.78670056
   0.78460507  0.78250638  0.78040452  0.77829948  0.77619128  0.77407992
   0.77196543  0.76984779  0.76772703  0.76560316  0.76347617  0.76134609
   0.75921292  0.75707666  0.75493732  0.75279492  0.75064946  0.74850095
   0.74634939  0.7441948   0.74203718  0.73987653  0.73771288  0.73554621
   0.73337654  0.73120387  0.72902822  0.72684958  0.72466797  0.72248339
   0.72029584  0.71810534  0.71591188  0.71371548  0.71151613  0.70931385
   0.70710864  0.7049005   0.70268944  0.70047547  0.69825858  0.69603879
   0.6938161   0.69159051  0.68936202  0.68713065  0.68489639  0.68265925
   0.68041923  0.67817634  0.67593058  0.67368196  0.67143047  0.66917612
   0.66691891  0.66465885  0.66239594  0.66013018  0.65786157  0.65559013
   0.65331584  0.65103871  0.64875875  0.64647596  0.64419034  0.64190188
   0.6396106   0.6373165   0.63501957  0.63271981  0.63041724  0.62811185
   0.62580364  0.62349261  0.62117877  0.61886211  0.61654263  0.61422035
   0.61189525  0.60956734  0.60723662  0.60490308  0.60256674  0.60022758
   0.59788561  0.59554084  0.59319325  0.59084285  0.58848964  0.58613362
   0.58377478  0.58141313  0.57904867  0.5766814   0.5743113   0.5719384
   0.56956267  0.56718413  0.56480277  0.56241858  0.56003158  0.55764174
   0.55524909  0.5528536   0.55045529  0.54805415  0.54565017  0.54324336]
 [ 0.          0.          0.          0.          0.          0.          0.
   0.          0.          0.          0.          0.          0.          0.
   0.          0.          0.          0.          0.          0.          0.
   0.          0.          0.          0.          0.          0.          0.
   0.          0.          0.          0.          0.          0.          0.
   0.          0.          0.          0.          0.          0.          0.
   0.          0.          0.          0.          0.          0.          0.
   0.          0.          0.          0.          0.          0.          0.
   0.          0.          0.          0.          0.          0.          0.
   0.          0.          0.          0.          0.          0.          0.
   0.          0.          0.          0.          0.          0.          0.
   0.          0.          0.          0.          0.          0.          0.
   0.          0.          0.          0.          0.          0.          0.
   0.          0.          0.          0.          0.          0.          0.
   0.          0.          0.          0.          0.          0.          0.
   0.          0.          0.          0.          0.          0.          0.
   0.          0.          0.          0.          0.          0.          0.
   0.          0.          0.          0.          0.          0.          0.
   0.          0.          0.          0.          0.          0.          0.
   0.          0.          0.          0.          0.          0.          0.
   0.          0.          0.          0.          0.          0.          0.
   0.          0.          0.        ]
 [ 1.00286545  1.00183569  1.00081809  0.99981257  0.99881907  0.99783751
   0.99686782  0.99590993  0.99496378  0.99402929  0.9931064   0.99219503
   0.99129512  0.9904066   0.9895294   0.98866346  0.98780871  0.98696509
   0.98613253  0.98531096  0.98450032  0.98370054  0.98291157  0.98213334
   0.98136578  0.98060884  0.97986245  0.97912655  0.97840107  0.97768597
   0.97698117  0.97628663  0.97560227  0.97492804  0.97426388  0.97360973
   0.97296554  0.97233124  0.97170679  0.97109211  0.97048717  0.9698919
   0.96930624  0.96873015  0.96816356  0.96760642  0.96705868  0.96652029
   0.96599118  0.96547132  0.96496064  0.9644591   0.96396665  0.96348322
   0.96300878  0.96254326  0.96208663  0.96163883  0.96119981  0.96076953
   0.96034793  0.95993496  0.95953059  0.95913476  0.95874742  0.95836853
   0.95799804  0.9576359   0.95728208  0.95693652  0.95659917  0.95627001
   0.95594897  0.95563602  0.95533111  0.9550342   0.95474525  0.95446422
   0.95419105  0.95392572  0.95366817  0.95341837  0.95317628  0.95294185
   0.95271505  0.95249584  0.95228417  0.95208     0.9518833   0.95169404
   0.95151216  0.95133763  0.95117042  0.95101049  0.9508578   0.95071231
   0.95057398  0.95044279  0.95031869  0.95020164  0.95009162  0.94998859
   0.94989252  0.94980336  0.94972108  0.94964566  0.94957705  0.94951522
   0.94946015  0.94941179  0.94937012  0.9493351   0.9493067   0.94928489
   0.94926963  0.9492609   0.94925867  0.9492629   0.94927356  0.94929063
   0.94931407  0.94934385  0.94937995  0.94942233  0.94947097  0.94952584
   0.9495869   0.94965414  0.94972752  0.94980701  0.9498926   0.94998424
   0.95008192  0.9501856   0.95029526  0.95041088  0.95053243  0.95065987
   0.9507932   0.95093237  0.95107737  0.95122818  0.95138475  0.95154709
   0.95171514  0.95188891  0.95206835  0.95225344  0.95244418  0.95264052]
 [ 0.          0.          0.          0.          0.          0.          0.
   0.          0.          0.          0.          0.          0.          0.
   0.          0.          0.          0.          0.          0.          0.
   0.          0.          0.          0.          0.          0.          0.
   0.          0.          0.          0.          0.          0.          0.
   0.          0.          0.          0.          0.          0.          0.
   0.          0.          0.          0.          0.          0.          0.
   0.          0.          0.          0.          0.          0.          0.
   0.          0.          0.          0.          0.          0.          0.
   0.          0.          0.          0.          0.          0.          0.
   0.          0.          0.          0.          0.          0.          0.
   0.          0.          0.          0.          0.          0.          0.
   0.          0.          0.          0.          0.          0.          0.
   0.          0.          0.          0.          0.          0.          0.
   0.          0.          0.          0.          0.          0.          0.
   0.          0.          0.          0.          0.          0.          0.
   0.          0.          0.          0.          0.          0.          0.
   0.          0.          0.          0.          0.          0.          0.
   0.          0.          0.          0.          0.          0.          0.
   0.          0.          0.          0.          0.          0.          0.
   0.          0.          0.          0.          0.          0.          0.
   0.          0.          0.        ]]