[[ 0.          0.00508408  0.01013239  0.01514516  0.0201226   0.02506495
   0.02997243  0.03484526  0.03968369  0.04448793  0.04925823  0.0539948
   0.05869789  0.06336773  0.06800454  0.07260857  0.07718004  0.0817192
   0.08622626  0.09070148  0.09514507  0.09955728  0.10393833  0.10828847
   0.11260792  0.1168969   0.12115567  0.12538444  0.12958344  0.13375291
   0.13789307  0.14200415  0.14608638  0.15013999  0.15416519  0.15816222
   0.16213129  0.16607263  0.16998647  0.17387301  0.17773248  0.1815651
   0.18537109  0.18915065  0.19290401  0.19663137  0.20033296  0.20400897
   0.20765962  0.21128512]
 [-1.49367615 -1.48978021 -1.48588223 -1.48198229 -1.47808043 -1.47417673
  -1.47027124 -1.46636402 -1.4624551  -1.45854455 -1.4546324  -1.45071868
  -1.44680343 -1.44288669 -1.43896848 -1.43504883 -1.43112775 -1.42720527
  -1.4232814  -1.41935615 -1.41542953 -1.41150154 -1.4075722  -1.4036415
  -1.39970944 -1.39577601 -1.3918412  -1.38790502 -1.38396743 -1.38002843
  -1.37608801 -1.37214613 -1.36820278 -1.36425794 -1.36031157 -1.35636365
  -1.35241415 -1.34846302 -1.34451025 -1.34055578 -1.33659958 -1.33264161
  -1.32868182 -1.32472017 -1.32075661 -1.31679109 -1.31282355 -1.30885395
  -1.30488223 -1.30090832]
 [ 0.54083371  0.53656723  0.53228038  0.52797324  0.52364586  0.51929832
   0.51493067  0.51054297  0.50613528  0.50170764  0.49726012  0.49279276
   0.4883056   0.4837987   0.47927209  0.47472581  0.4701599   0.46557439
   0.46096931  0.4563447   0.45170058  0.44703697  0.44235391  0.4376514
   0.43292947  0.42818813  0.42342739  0.41864726  0.41384776  0.40902888
   0.40419063  0.39933301  0.39445601  0.38955964  0.38464388  0.37970872
   0.37475416  0.36978017  0.36478675  0.35977386  0.35474149  0.34968961
   0.3446182   0.33952722  0.33441664  0.32928642  0.32413653  0.31896693
   0.31377756  0.30856839]
 [-0.         -0.         -0.         -0.         -0.         -0.         -0.
  -0.         -0.         -0.         -0.         -0.         -0.         -0.
  -0.         -0.         -0.         -0.         -0.         -0.         -0.
  -0.         -0.         -0.         -0.         -0.         -0.         -0.
  -0.         -0.         -0.         -0.         -0.         -0.         -0.
  -0.         -0.         -0.         -0.         -0.         -0.         -0.
  -0.         -0.         -0.         -0.         -0.         -0.         -0.
  -0.        ]
 [ 0.95284244  0.95321298  0.95360185  0.95400905  0.95443457  0.95487841
   0.95534057  0.95582105  0.95631983  0.95683691  0.95737227  0.95792592
   0.95849783  0.95908799  0.9596964   0.96032302  0.96096786  0.96163089
   0.96231209  0.96301145  0.96372895  0.96446457  0.96521829  0.9659901
   0.96677997  0.96758788  0.96841382  0.96925775  0.97011967  0.97099956
   0.97189738  0.97281313  0.97374677  0.9746983   0.97566769  0.97665493
   0.97765999  0.97868285  0.9797235   0.98078192  0.98185809  0.982952
   0.98406362  0.98519295  0.98633997  0.98750467  0.98868702  0.98988702
   0.99110467  0.99233993]
 [ 1.10714872  1.10206464  1.09701632  1.09200356  1.08702612  1.08208377
   1.07717629  1.07230346  1.06746503  1.06266079  1.05789049  1.05315392
   1.04845083  1.04378099  1.03914418  1.03454015  1.02996868  1.02542952
   1.02092245  1.01644724  1.01200365  1.00759144  1.00321038  0.99886025
   0.9945408   0.99025181  0.98599305  0.98176428  0.97756528  0.97339581
   0.96925565  0.96514457  0.96106233  0.95700873  0.95298353  0.9489865
   0.94501743  0.94107608  0.93716225  0.93327571  0.92941623  0.92558361
   0.92177763  0.91799807  0.91424471  0.91051734  0.90681576  0.90313975
   0.89948909  0.89586359]]